11 00 105 1319
11 01 108 1242
11 02 115 1272
11 03 82  1009
11 04 97  1290
11 05 93  1146
11 06 101 1138
11 07 106 1207
11 08 85  1043
11 09 99  1140
11 10 89  1076
11 11 99  918
11 12 102 1026
11 13 95  922
11 14 101 1249
11 15 104 1061
11 16 85  1080
11 17 92  962
11 18 92  999
11 19 82  1120
11 20 65  1100
11 21 92  888
11 22 75  1164
11 23 80  1196
11 24 100 880
11 25 82  1157
11 26 91  889
11 27 84  1155
11 28 79  1086
11 29 1   1090
11 30 81  1232
11 31 86  1116
12 00 143 1170
12 01 149 1201
12 02 165 1000
12 03 160 1153
12 04 149 1164
12 05 155 1380
12 06 155 936
12 07 167 1294
12 08 169 1292
12 09 167 998
12 10 160 1264
12 11 135 956
12 12 155 1343
12 13 152 1161
12 14 164 890
12 15 147 1166
12 16 145 1131
12 17 143 948
12 18 161 1115
12 19 165 926
12 20 138 1138
12 21 156 1268
12 22 138 1138
12 23 142 1208
12 24 152 1087
12 25 149 1127
12 26 134 1142
12 27 161 1004
12 28 132 1329
12 29 130 1109
12 30 149 1460
12 31 133 1106
14 00 185 1054
14 01 198 967
14 02 191 937
14 03 194 860
14 04 201 964
14 05 189 1087
14 06 194 1156
14 07 199 1040
14 08 195 1044
14 09 199 855
14 10 201 927
14 11 199 966
14 12 190 1197
14 13 188 1162
14 14 188 1125
14 15 194 934
14 16 201 1630
14 17 188 1162
14 18 182 946
14 19 179 1282
14 20 197 894
14 21 203 851
14 22 183 797
14 23 184 1055
14 24 187 1089
14 25 183 982
14 26 195 1081
14 27 180 985
14 28 187 904
14 29 187 1052
14 30 179 727
14 31 187 682
15 00 116 1234
15 01 138 1804
15 02 133 1661
15 03 145 1131
15 04 140 988
15 05 145 1131
15 06 131 1663
15 07 139 1507
15 08 130 998
15 09 132 996
15 10 132 1588
15 11 132 2513
15 12 131 1108
15 13 132 959
15 14 144 910
15 15 136 1325
15 16 121 1488
15 17 136 1547
15 18 123 1819
15 19 138 1693
15 20 128 1037
15 21 126 1446
15 22 118 973
15 23 147 1351
15 24 126 1557
15 25 133 1402
15 26 120 1785
15 27 149 1534
15 28 129 1998
15 29 116 1308
15 30 107 1946
15 31 127 1963
16 00 148 2497
16 01 164 1149
16 02 175 1027
16 03 175 2174
16 04 172 1326
16 05 181 1761
16 06 186 2052
16 07 166 1258
16 08 193 3044
16 09 170 1254
16 10 166 1443
16 11 180 3316
16 12 173 807
16 13 179 875
16 14 179 912
16 15 175 1767
16 16 163 2038
16 17 162 1077
16 18 167 3514
16 19 147 2017
16 20 167 3514
16 21 175 1545
16 22 147 1869
16 23 145 1131
16 24 178 1949
16 25 164 890
16 26 164 1038
16 27 166 1221
16 28 160 672
16 29 165 1222
16 30 163 1668
16 31 166 1406
17 00 63  1028
17 01 82  824
17 02 92  888
17 03 74  906
17 04 1   1127
17 05 84  1081
17 06 1   868
17 07 88  1077
17 08 63  1028
17 09 87  782
17 10 62  1140
17 11 71  872
17 12 90  927
17 13 54  889
17 14 54  1074
17 15 1   1053
17 16 1   1016
17 17 1   1497
17 18 81  1084
17 19 90  1260
17 20 83  1341
17 21 1   1127
17 22 60  994
17 23 71  1094
17 24 83  1230
17 25 1   1090
17 26 1   942
17 27 1   1164
17 28 1   1053
17 29 90  1038
17 30 1   905
17 31 67  876
18 00 106 1022
18 01 129 1147
18 02 134 920
18 03 125 1003
18 04 141 987
18 05 125 1188
18 06 111 1091
18 07 99  1177
18 08 115 939
18 09 123 931
18 10 120 786
18 11 124 1004
18 12 111 1202
18 13 123 1116
18 14 111 1091
18 15 132 1033
18 16 111 1128
18 17 121 1081
18 18 124 1041
18 19 111 1202
18 20 131 1034
18 21 104 1320
18 22 111 1276
18 23 101 1138
18 24 111 980
18 25 108 872
18 26 111 1054
18 27 108 946
18 28 111 1017
18 29 111 1017
18 30 107 1021
18 31 118 1084
19 00 188 903
19 01 218 1021
19 02 215 1061
19 03 235 1078
19 04 207 995
19 05 220 1056
19 06 207 1328
19 07 217 985
19 08 188 977
19 09 212 1064
19 10 212 1027
19 11 198 1004
19 12 205 1071
19 13 200 1076
19 14 207 1032
19 15 195 1118
19 16 213 915
19 17 207 1069
19 18 207 921
19 19 189 1087
19 20 213 1100
19 21 193 1009
19 22 204 887
19 23 197 931
19 24 218 1243
19 25 198 1189
19 26 207 1032
19 27 177 803
19 28 188 977
19 29 189 1087
19 30 196 858
19 31 204 998
20 00 120 1748
20 01 101 1508
20 02 124 1189
20 03 131 1293
20 04 127 1519
20 05 118 1306
20 06 152 1235
20 07 114 792
20 08 142 1837
20 09 124 1448
20 10 126 1409
20 11 130 1220
20 12 109 1611
20 13 118 1491
20 14 127 1963
20 15 123 1190
20 16 125 1965
20 17 121 1303
20 18 119 1083
20 19 122 1117
20 20 118 1158
20 21 111 1461
20 22 122 1709
20 23 114 1458
20 24 128 1851
20 25 117 1196
20 26 106 2095
20 27 111 2571
20 28 111 1683
20 29 111 1239
20 30 126 1113
20 31 101 1582
21 00 180 1873
21 01 206 1662
21 02 211 1990
21 03 189 1642
21 04 207 1661
21 05 205 1071
21 06 214 1136
21 07 209 1289
21 08 195 1488
21 09 205 1293
21 10 203 1517
21 11 209 1548
21 12 212 916
21 13 208 1697
21 14 205 1626
21 15 188 2272
21 16 188 903
21 17 200 1631
21 18 178 1912
21 19 201 1667
21 20 189 1716
21 21 201 1519
21 22 180 1133
21 23 198 1559
21 24 204 1035
21 25 193 1342
21 26 188 681
21 27 188 533
21 28 213 989
21 29 208 2474
21 30 199 1151
21 31 219 1390
22 00 111 943
22 01 149 1016
22 02 156 1120
22 03 153 938
22 04 142 1023
22 05 147 1166
22 06 156 1046
22 07 142 1060
22 08 145 1020
22 09 135 1067
22 10 151 1014
22 11 147 796
22 12 135 808
22 13 124 856
22 14 140 840
22 15 133 1069
22 16 132 996
22 17 160 820
22 18 156 1157
22 19 155 1084
22 20 133 1069
22 21 123 931
22 22 135 1030
22 23 142 912
22 24 137 991
22 25 149 905
22 26 131 775
22 27 139 1026
22 28 142 1097
22 29 129 851
22 30 123 1042
22 31 127 1223
23 00 221 1055
23 01 224 756
23 02 238 927
23 03 238 1001
23 04 235 1004
23 05 241 961
23 06 228 1048
23 07 219 1131
23 08 222 1054
23 09 234 1190
23 10 230 972
23 11 218 1132
23 12 230 898
23 13 251 988
23 14 231 1008
23 15 228 1048
23 16 223 1127
23 17 228 937
23 18 240 814
23 19 224 793
23 20 228 974
23 21 217 1133
23 22 215 1209
23 23 210 992
23 24 210 1029
23 25 224 1052
23 26 222 1091
23 27 223 868
23 28 209 808
23 29 240 962
23 30 242 1219
23 31 235 930
24 00 184 796
24 01 183 1056
24 02 181 1058
24 03 184 1129
24 04 189 976
24 05 179 986
24 06 177 1173
24 07 187 793
24 08 172 919
24 09 187 830
24 10 173 881
24 11 186 1090
24 12 176 1063
24 13 176 1026
24 14 197 1079
24 15 182 1316
24 16 179 801
24 17 188 755
24 18 192 899
24 19 183 760
24 20 195 1044
24 21 170 884
24 22 188 866
24 23 188 1014
24 24 167 813
24 25 156 1009
24 26 181 910
24 27 172 1141
24 28 184 1351
24 29 173 992
24 30 176 1100
24 31 176 1248
26 00 162 1669
26 01 166 1443
26 02 172 771
26 03 166 1036
26 04 168 3513
26 05 156 1194
26 06 177 1025
26 07 164 2222
26 08 163 1742
26 09 167 1109
26 10 174 1065
26 11 170 1106
26 12 175 1286
26 13 164 1186
26 14 172 771
26 15 181 2020
26 16 170 1328
26 17 179 1208
26 18 177 1876
26 19 177 1062
26 20 171 1290
26 21 177 1321
26 22 172 1215
26 23 175 1360
26 24 155 1343
26 25 170 1587
26 26 174 2027
26 27 151 1125
26 28 171 1660
26 29 159 858
26 30 173 1288
26 31 182 1686
27 00 177 1173
27 01 189 1309
27 02 190 1271
27 03 181 1354
27 04 189 1457
27 05 196 1043
27 06 189 1087
27 07 180 1503
27 08 163 1261
27 09 168 1441
27 10 175 1064
27 11 179 1800
27 12 176 1359
27 13 174 1435
27 14 175 1212
27 15 191 1677
27 16 180 1355
27 17 176 1285
27 18 177 2098
27 19 172 1326
27 20 173 1547
27 21 189 1198
27 22 170 1513
27 23 169 1440
27 24 189 1383
27 25 182 1131
27 26 162 1299
27 27 172 1696
27 28 164 1334
27 29 176 1211
27 30 170 1217
27 31 168 1256
28 00 191 1307
28 01 216 1467
28 02 227 1345
28 03 202 1333
28 04 198 1115
28 05 213 2136
28 06 213 1507
28 07 223 1312
28 08 215 1209
28 09 203 1406
28 10 209 1141
28 11 187 2014
28 12 219 1797
28 13 210 1399
28 14 198 893
28 15 208 1105
28 16 185 1720
28 17 217 1207
28 18 192 1195
28 19 194 1489
28 20 190 -24
28 21 223 17
28 22 189 14
28 23 204 -38
28 24 205 1145
28 25 187 1163
28 26 183 1315
28 27 171 1142
28 28 187 1940
28 29 186 2126
28 30 179 1134
28 31 200 1631
29 00 119 972
29 01 137 1139
29 02 153 1160
29 03 124 1300
29 04 137 1879
29 05 142 2207
29 06 134 1364
29 07 136 955
29 08 126 1816
29 09 142 2059
29 10 137 1213
29 11 130 1479
29 12 125 1410
29 13 135 1511
29 14 132 1662
29 15 126 1150
29 16 137 1250
29 17 119 1231
29 18 141 1135
29 19 147 1240
29 20 136 1473
29 21 135 1215
29 22 134 -116
29 23 129 0
29 24 113 1126
29 25 129 1480
29 26 133 1032
29 27 131 1848
29 28 137 880
29 29 125 1447
29 30 113 1089
29 31 123 1412
30 00 128 -110
30 01 140 -11
30 02 128 1851
30 03 143 1281
30 04 115 1827
30 05 141 2171
30 06 148 1350
30 07 115 976
30 08 128 1296
30 09 132 2106
30 10 136 1399
30 11 133 1032
30 12 146 1167
30 13 140 1136
30 14 117 2232
30 15 134 1364
30 16 136 1140
30 17 127 1482
30 18 137 1287
30 19 134 1734
30 20 137 1398
30 21 144 1502
30 22 131 1478
30 23 127 1704
30 24 127 1445
30 25 128 1407
30 26 125 1891
30 27 136 2805
30 28 120 1267
30 29 144 1169
30 30 123 1671
30 31 129 1332
31 00 123 1486
31 01 112 1275
31 02 112 2274
31 03 125 1225
31 04 112 1238
31 05 112 1275
31 06 124 1300
31 07 122 1561
31 08 119 1305
31 09 116 975
31 10 108 1538
31 11 114 1680
31 12 107 1280
31 13 99  1140
31 14 112 1127
31 15 103 1469
31 16 122 932
31 17 104 1172
31 18 100 1990
31 19 108 1871
31 20 107 1946
31 21 109 1500
31 22 123 1153
31 23 117 1825
31 24 99  1288
31 25 112 1719
31 26 102 3579
31 27 95  1033
31 28 111 1202
31 29 98  1326
31 30 111 2201
31 31 90  1593
32 00 172 1215
32 01 183 1944
32 02 175 -157
32 03 192 -26
32 04 196 1672
32 05 183 1352
32 06 197 1634
32 07 180 1244
32 08 179 1245
32 09 173 1732
32 10 177 1543
32 11 194 1378
32 12 178 1801
32 13 183 1574
32 14 182 1575
32 15 171 1216
32 16 182 1501
32 17 177 1950
32 18 174 1657
32 19 184 2165
32 20 176 1174
32 21 184 1795
32 22 171 1549
32 23 177 1062
32 24 172 1992
32 25 183 1611
32 26 182 1501
32 27 168 2107
32 28 194 1600
32 29 168 1552
32 30 183 1352
32 31 167 1664
33 00 207 1180
33 01 221 1795
33 02 208 1105
33 03 220 1278
33 04 220 1093
33 05 216 1356
33 06 218 1539
33 07 207 958
33 08 218 1872
33 09 233 1524
33 10 215 1246
33 11 230 1342
33 12 219 1205
33 13 216 1208
33 14 219 1649
33 15 214 1210
33 16 214 1358
33 17 207 1550
33 18 215 1061
33 19 207 1032
33 20 215 2060
33 21 207 1513
33 22 210 1362
33 23 207 1735
33 24 200 1298
33 25 211 1509
33 26 219 1427
33 27 207 1143
33 28 221 1536
33 29 207 1439
33 30 218 1539
33 31 207 1957
34 00 172 993
34 01 181 1465
34 02 202 1851
34 03 180 1207
34 04 171 1105
34 05 183 2055
34 06 170 1476
34 07 178 1875
34 08 177 1173
34 09 176 2099
34 10 157 2081
34 11 175 1582
34 12 188 1051
34 13 179 1726
34 14 181 1206
34 15 177 1062
34 16 169 1255
34 17 170 1587
34 18 179 1578
34 19 170 1698
34 20 178 1653
34 21 162 1336
34 22 171 1364
34 23 184 1203
34 24 170 1365
34 25 173 1214
34 26 156 1416
34 27 156 1268
34 28 170 1180
34 29 166 1147
34 30 185 1276
34 31 147 2646
35 00 111 1202
35 01 111 1424
35 02 103 1987
35 03 122 969
35 04 118 2009
35 05 93  1442
35 06 123 1523
35 07 100 1324
35 08 116 2529
35 09 95  1736
35 10 116 1789
35 11 130 1553
35 12 111 1868
35 13 107 1872
35 14 89  1668
35 15 123 2041
35 16 92  1665
35 17 107 1576
35 18 117 1862
35 19 105 1837
35 20 111 1646
35 21 105 1393
35 22 116 1123
35 23 117 1381
35 24 101 1397
35 25 110 1647
35 26 99  1362
35 27 100 1509
35 28 88  1077
35 29 93  1886
35 30 112 1756
35 31 106 1355
36 00 225 1236
36 01 233 1487
36 02 224 1681
36 03 223 1867
36 04 224 1459
36 05 253 1245
36 06 220 1574
36 07 229 1454
36 08 229 1935
36 09 229 2268
36 10 222 1683
36 11 225 1939
36 12 228 1418
36 13 231 1711
36 14 223 1201
36 15 224 1348
36 16 221 1536
36 17 226 2012
36 18 245 1660
36 19 234 1264
36 20 215 1246
36 21 231 1415
36 22 222 1202
36 23 205 1034
36 24 229 1454
36 25 224 1274
36 26 209 1141
36 27 221 1203
36 28 210 1251
36 29 211 1768
36 30 211 1102
36 31 206 2291
37 00 199 1003
37 01 193 1490
37 02 181 -163
37 03 213 -10
37 04 212 1545
37 05 207 2031
37 06 204 -186
37 07 189 -23
37 08 201 1260
37 09 203 1443
37 10 195 1858
37 11 197 1523
37 12 210 -44
37 13 188 -170
37 14 176 1285
37 15 193 1490
37 16 180 1059
37 17 196 1265
37 18 190 1086
37 19 197 2300
37 20 181 3500
37 21 181 1206
37 22 196 1302
37 23 194 1156
37 24 180 1170
37 25 188 2309
37 26 175 -157
37 27 180 -14
37 28 174 1472
37 29 194 1526
37 30 179 801
37 31 179 357
38 00 195 1525
38 01 210 1547
38 02 203 1332
38 03 214 1728
38 04 199 1040
38 05 199 1632
38 06 190 1345
38 07 203 2072
38 08 194 -28
38 09 206 -188
38 10 193 1638
38 11 206 1662
38 12 196 1265
38 13 198 1337
38 14 195 1673
38 15 186 1608
38 16 198 1374
38 17 219 1612
38 18 181 1909
38 19 185 1572
38 20 201 1297
38 21 183 1278
38 22 192 1713
38 23 196 1857
38 24 202 1333
38 25 196 1302
38 26 191 1751
38 27 188 1236
38 28 185 1350
38 29 190 1826
38 30 193 1194
38 31 168 2366
39 00 163 410
39 01 167 1220
39 02 156 602
39 03 154 530
39 04 161 930
39 05 152 2123
39 06 160 2337
39 07 163 2112
39 08 153 2085
39 09 145 2019
39 10 161 967
39 11 147 1943
39 12 182 1094
39 13 137 1842
39 14 151 1051
39 15 145 1501
39 16 161 1374
39 17 149 942
39 18 143 1392
39 19 161 1485
39 20 144 1613
39 21 142 1208
39 22 157 1600
39 23 147 1351
39 24 152 902
39 25 150 1311
39 26 149 1534
39 27 156 861
39 28 136 1325
39 29 127 1519
39 30 144 1539
39 31 152 2197
40 00 186 1534
40 01 172 1067
40 02 188 1051
40 03 191 1196
40 04 192 1565
40 05 176 1285
40 06 201 1001
40 07 172 1585
40 08 185 2201
40 09 189 3492
40 10 191 1270
40 11 180 1651
40 12 172 1659
40 13 187 1200
40 14 202 1370
40 15 172 1178
40 16 171 994
40 17 164 1112
40 18 182 1390
40 19 182 1279
40 20 174 1731
40 21 183 1500
40 22 182 1501
40 23 189 1272
40 24 189 1161
40 25 171 2326
40 26 188 1902
40 27 172 1400
40 28 172 1807
40 29 174 1879
40 30 170 958
40 31 173 1621
41 00 206 -188
41 01 190 -24
41 02 226 1531
41 03 233 1080
41 04 206 1477
41 05 207 1735
41 06 204 1664
41 07 214 1728
41 08 206 2032
41 09 198 1670
41 10 214 1765
41 11 208 1401
41 12 219 2389
41 13 229 2564
41 14 196 1080
41 15 215 1394
41 16 197 2411
41 17 206 1218
41 18 212 1138
41 19 215 1024
41 20 196 1598
41 21 206 1033
41 22 209 1178
41 23 180 1429
41 24 203 1258
41 25 206 1403
41 26 204 2108
41 27 211 2249
41 28 197 1227
41 29 218 1354
41 30 204 1664
41 31 201 1667
42 00 172 1326
42 01 202 1333
42 02 195 1192
42 03 209 1548
42 04 209 1030
42 05 210 992
42 06 218 1095
42 07 216 875
42 08 186 1719
42 09 205 2218
42 10 205 1293
42 11 211 1139
42 12 193 1638
42 13 180 2058
42 14 192 1602
42 15 189 2752
42 16 207 1217
42 17 198 1226
42 18 190 1234
42 19 195 1266
42 20 207 1883
42 21 197 1523
42 22 205 1848
42 23 194 1526
42 24 187 1237
42 25 208 1586
42 26 195 1229
42 27 205 1737
42 28 181 1280
42 29 189 2049
42 30 198 967
42 31 173 1769
43 00 144 1724
43 01 166 1369
43 02 190 1493
43 03 172 1733
43 04 185 1424
43 05 181 1502
43 06 163 1927
43 07 171 1808
43 08 173 1584
43 09 163 1372
43 10 180 2021
43 11 158 822
43 12 176 1211
43 13 181 1428
43 14 168 1182
43 15 165 926
43 16 162 1262
43 17 174 1139
43 18 170 1550
43 19 159 969
43 20 170 1069
43 21 170 1735
43 22 182 1131
43 23 155 1158
43 24 157 1193
43 25 161 930
43 26 158 1710
43 27 156 1527
43 28 183 1167
43 29 157 1193
43 30 164 1963
43 31 161 1559
44 00 97  1697
44 01 97  2141
44 02 96  1772
44 03 113 2199
44 04 96  1698
44 05 111 1609
44 06 107 1576
44 07 111 1831
44 08 111 1313
44 09 103 1691
44 10 103 2061
44 11 111 1424
44 12 101 1397
44 13 111 2127
44 14 108 1612
44 15 105 1652
44 16 101 1471
44 17 108 1057
44 18 96  1180
44 19 100 1324
44 20 99  1140
44 21 105 1393
44 22 103 2357
44 23 89  1409
44 24 97  1179
44 25 111 1128
44 26 86  2485
44 27 97  1512
44 28 87  856
44 29 99  1695
44 30 99  1547
44 31 88  1336
45 00 141 1357
45 01 163 1631
45 02 154 1566
45 03 169 1736
45 04 175 1434
45 05 162 1484
45 06 152 1642
45 07 177 1617
45 08 156 1305
45 09 155 1713
45 10 150 1533
45 11 147 1055
45 12 171 1142
45 13 148 1239
45 14 161 1115
45 15 156 1638
45 16 148 3533
45 17 164 1815
45 18 136 1584
45 19 155 1121
45 20 156 1379
45 21 148 795
45 22 148 1979
45 23 131 1034
45 24 137 954
45 25 148 980
45 26 139 434
45 27 145 1871
45 28 157 1970
45 29 144 873
45 30 160 894
45 31 141 3392
46 00 208 1179
46 01 207 1328
46 02 209 1622
46 03 211 1731
46 04 229 -26
46 05 219 -201
46 06 205 1330
46 07 224 1237
46 08 196 1154
46 09 207 1661
46 10 213 1803
46 11 220 1315
46 12 215 3466
46 13 219 1464
46 14 219 1575
46 15 231 1119
46 16 208 1660
46 17 203 1665
46 18 224 2088
46 19 205 1626
46 20 209 1659
46 21 219 1760
46 22 204 1516
46 23 213 1692
46 24 205 1552
46 25 202 1407
46 26 212 1249
46 27 220 1352
46 28 215 1616
46 29 219 1649
46 30 213 1211
46 31 219 1279
47 00 90  2296
47 01 100 1509
47 02 102 1877
47 03 98  2251
47 04 114 1680
47 05 107 1132
47 06 116 1086
47 07 124 2151
47 08 105 1134
47 09 81  1824
47 10 102 2284
47 11 90  2000
47 12 99  881
47 13 96  2105
47 14 109 2499
47 15 92  1258
47 16 91  1185
47 17 107 1539
47 18 85  2079
47 19 107 1354
47 20 95  2069
47 21 96  1698
47 22 100 1916
47 23 100 1472
47 24 98  1770
47 25 96  1365
47 26 91  3590
47 27 100 1509
47 28 93  1220
47 29 94  1367
47 30 113 1052
47 31 99  992
48 00 129 1665
48 01 146 1796
48 02 154 2047
48 03 133 1402
48 04 146 1537
48 05 122 1376
48 06 135 2251
48 07 147 2276
48 08 137 1398
48 09 134 1512
48 10 146 1278
48 11 136 2250
48 12 151 2346
48 13 134 1586
48 14 128 1518
48 15 141 1061
48 16 122 1635
48 17 131 1441
48 18 139 1248
48 19 139 1211
48 20 126 1076
48 21 127 1112
48 22 136 955
48 23 130 1627
48 24 134 2104
48 25 128 1851
48 26 128 1592
48 27 139 2025
48 28 119 1971
48 29 135 1363
48 30 122 1635
48 31 131 1219
49 00 237 1224
49 01 251 1987
49 02 251 1506
49 03 251 1580
49 04 254 1503
49 05 247 1621
49 06 223 1238
49 07 244 1624
49 08 248 1250
49 09 240 1480
49 10 243 3438
49 11 236 1484
49 12 239 2295
49 13 229 1454
49 14 221 1425
49 15 242 1959
49 16 232 2154
49 17 240 666
49 18 247 1584
49 19 240 1147
49 20 225 1014
49 21 243 1218
49 22 215 1172
49 23 227 1641
49 24 238 1260
49 25 225 1162
49 26 223 979
49 27 228 1122
49 28 219 3462
49 29 249 1286
49 30 247 1066
49 31 225 1273
50 00 185 1128
50 01 196 1931
50 02 184 1980
50 03 184 1203
50 04 185 1313
50 05 200 1927
50 06 183 1685
50 07 183 1833
50 08 185 1202
50 09 194 1563
50 10 184 1166
50 11 185 1757
50 12 185 1720
50 13 184 944
50 14 183 1056
50 15 183 1537
50 16 184 1055
50 17 184 3497
50 18 184 1499
50 19 184 1906
50 20 167 1442
50 21 201 1186
50 22 184 1499
50 23 184 1869
50 24 163 1890
50 25 172 1770
50 26 185 1646
50 27 172 3509
50 28 171 1179
50 29 184 2128
50 30 183 2203
50 31 185 1239
51 00 143 2317
51 01 162 2113
51 02 171 1512
51 03 156 1342
51 04 167 961
51 05 162 1003
51 06 166 1036
51 07 154 1566
51 08 163 1224
51 09 166 2442
51 10 173 1214
51 11 151 1310
51 12 143 1947
51 13 155 1676
51 14 167 1072
51 15 162 1669
51 16 151 2124
51 17 143 1207
51 18 150 2125
51 19 130 3551
51 20 158 1229
51 21 157 1674
51 22 156 1120
51 23 164 1815
51 24 161 1448
51 25 143 1540
51 26 131 1293
51 27 150 1348
51 28 156 1231
51 29 159 1487
51 30 167 813
51 31 146 2462
52 00 231 1156
52 01 228 1492
52 02 220 1907
52 03 212 1286
52 04 199 1595
52 05 219 872
52 06 213 1470
52 07 228 1159
52 08 213 1359
52 09 231 1415
52 10 213 1470
52 11 222 1609
52 12 211 1361
52 13 207 1439
52 14 207 921
52 15 227 1752
52 16 199 2002
52 17 227 1530
52 18 210 1621
52 19 224 1311
52 20 213 1433
52 21 205 1256
52 22 228 1344
52 23 205 923
52 24 224 1718
52 25 211 1583
52 26 212 1915
52 27 207 1550
52 28 198 1966
52 29 209 2140
52 30 214 1136
52 31 212 1730
53 00 280 1440
53 01 278 961
53 02 278 1035
53 03 268 1193
53 04 283 1807
53 05 277 1369
53 06 281 773
53 07 278 1368
53 08 275 3406
53 09 300 1013
53 10 265 1603
53 11 282 1105
53 12 275 1963
53 13 277 888
53 14 266 1232
53 15 273 966
53 16 270 1006
53 17 265 678
53 18 270 1228
53 19 271 931
53 20 259 3052
53 21 254 60
53 22 269 785
53 23 267 1194
53 24 260 1941
53 25 271 1227
53 26 261 978
53 27 253 172
53 28 271 1227
53 29 279 1145
53 30 252 1061
53 31 256 1797
54 00 154 1085
54 01 151 1236
54 02 160 1116
54 03 184 1203
54 04 154 752
54 05 157 2044
54 06 174 2175
54 07 166 1036
54 08 167 1516
54 09 172 1030
54 10 170 1624
54 11 160 1227
54 12 170 2364
54 13 166 2331
54 14 150 1681
54 15 159 1413
54 16 157 1230
54 17 174 1102
54 18 153 1419
54 19 157 1193
54 20 163 3
54 21 150 16
54 22 152 1124
54 23 164 1297
54 24 146 1796
54 25 151 1680
54 26 157 1156
54 27 150 1237
54 28 148 1572
54 29 157 3339
54 30 138 1027
54 31 168 1108
55 00 130 1257
55 01 149 794
55 02 157 934
55 03 151 792
55 04 139 1359
55 05 133 1254
55 06 156 639
55 07 143 726
55 08 135 956
55 09 149 1386
55 10 143 1244
55 11 161 1004
55 12 150 1570
55 13 133 1698
55 14 144 688
55 15 155 1639
55 16 144 1354
55 17 145 1094
55 18 150 1348
55 19 148 1683
55 20 145 1131
55 21 158 1155
55 22 141 1172
55 23 138 953
55 24 151 2531
55 25 134 1031
55 26 141 1283
55 27 149 1201
55 28 138 2174
55 29 146 1685
55 30 155 1084
55 31 150 1607
56 00 164 1408
56 01 168 1737
56 02 184 1166
56 03 160 1338
56 04 154 1455
56 05 180 1355
56 06 168 1552
56 07 166 1480
56 08 143 1244
56 09 167 1627
56 10 158 2080
56 11 159 1265
56 12 165 1592
56 13 165 1629
56 14 142 1171
56 15 158 1377
56 16 175 1878
56 17 158 1599
56 18 165 1592
56 19 138 1101
56 20 155 3230
56 21 174 29
56 22 167 1405
56 23 148 1313
56 24 149 942
56 25 163 891
56 26 129 1443
56 27 141 2393
56 28 150 1422
56 29 142 1356
56 30 152 1531
56 31 167 554
57 00 123 1375
57 01 123 1042
57 02 132 1255
57 03 135 1881
57 04 133 1106
57 05 130 3033
57 06 134 1179
57 07 120 2192
57 08 124 1004
57 09 135 1326
57 10 141 1209
57 11 117 1381
57 12 129 1221
57 13 115 1642
57 14 128 1185
57 15 133 1624
57 16 120 1748
57 17 116 1678
57 18 111 1535
57 19 133 1180
57 20 125 1410
57 21 119 1564
57 22 133 884
57 23 113 867
57 24 113 1718
57 25 120 1637
57 26 122 858
57 27 111 1572
57 28 121 1451
57 29 116 1308
57 30 113 1089
57 31 109 1204
58 00 101 916
58 01 105 2022
58 02 109 1833
58 03 109 1500
58 04 103 1876
58 05 110 1351
58 06 106 1355
58 07 109 1537
58 08 97  1142
58 09 94  1700
58 10 88  1151
58 11 94  1774
58 12 110 1277
58 13 108 1205
58 14 101 1138
58 15 91  1148
58 16 91  1740
58 17 86  1153
58 18 109 1352
58 19 90  1852
58 20 91  1370
58 21 100 991
58 22 86  1486
58 23 79  1752
58 24 99  1547
58 25 91  1814
58 26 96  1624
58 27 101 1212
58 28 109 1056
58 29 85  1413
58 30 86  931
58 31 89  1298
59 00 171 1475
59 01 175 1175
59 02 190 1049
59 03 191 1233
59 04 169 1847
59 05 166 1221
59 06 175 1693
59 07 169 2254
59 08 172 1326
59 09 179 949
59 10 186 1497
59 11 183 1833
59 12 166 1184
59 13 170 1217
59 14 188 1088
59 15 183 1426
59 16 178 1357
59 17 170 1365
59 18 170 1365
59 19 184 1277
59 20 178 1394
59 21 186 1534
59 22 167 2811
59 23 161 2188
59 24 165 1666
59 25 173 807
59 26 156 1046
59 27 156 1379
59 28 170 1735
59 29 183 1722
59 30 177 1173
59 31 174 991
60 00 178 1246
60 01 187 1089
60 02 174 1398
60 03 192 899
60 04 190 1197
60 05 201 1112
60 06 182 1908
60 07 175 1804
60 08 188 1680
60 09 175 1138
60 10 170 1439
60 11 190 1234
60 12 197 2078
60 13 174 1361
60 14 192 1898
60 15 185 1202
60 16 192 1084
60 17 182 1390
60 18 179 1245
60 19 171 1549
60 20 184 1055
60 21 172 2436
60 22 180 1762
60 23 185 1720
60 24 190 1160
60 25 164 2222
60 26 173 1843
60 27 183 1759
60 28 193 2230
60 29 166 1258
60 30 173 659
60 31 172 2584
61 00 176 1470
61 01 160 931
61 02 180 1318
61 03 176 1951
61 04 156 1823
61 05 176 1655
61 06 176 1544
61 07 159 1524
61 08 177 951
61 09 169 1403
61 10 167 1960
61 11 174 991
61 12 150 1385
61 13 166 1406
61 14 175 916
61 15 176 1507
61 16 170 1624
61 17 161 1596
61 18 168 1700
61 19 169 1329
61 20 157 1156
61 21 176 1063
61 22 156 1601
61 23 174 1620
61 24 168 1108
61 25 140 1876
61 26 160 931
61 27 164 1223
61 28 147 981
61 29 159 1487
61 30 156 1490
61 31 160 1412
105 00 189 939
105 01 195 563
105 02 199 744
105 03 201 853
105 04 203 851
105 05 208 735
105 06 190 827
105 07 202 667
105 08 194 897
105 09 190 901
105 10 184 685
105 11 195 933
105 12 199 892
105 13 192 788
105 14 199 670
105 15 178 691
105 16 203 1036
105 17 174 806
105 18 189 1013
105 19 197 561
105 20 209 956
105 21 187 571
105 22 198 967
105 23 191 937
105 24 183 945
105 25 199 781
105 26 190 753
105 27 193 676
105 28 216 542
105 29 197 820
105 30 189 717
105 31 189 643
106 00 152 569
106 01 152 791
106 02 152 828
106 03 165 630
106 04 144 688
106 05 140 988
106 06 157 823
106 07 143 689
106 08 148 721
106 09 165 778
106 10 146 649
106 11 145 798
106 12 154 863
106 13 151 829
106 14 151 1014
106 15 138 768
106 16 160 968
106 17 166 888
106 18 152 717
106 19 153 642
106 20 144 1058
106 21 146 871
106 22 143 1022
106 23 147 685
106 24 138 731
106 25 131 1071
106 26 142 653
106 27 140 840
106 28 124 708
106 29 138 657
106 30 122 821
106 31 152 791
107 00 169 626
107 01 171 550
107 02 175 768
107 03 175 731
107 04 167 739
107 05 160 857
107 06 147 759
107 07 174 769
107 08 164 1038
107 09 147 1129
107 10 164 631
107 11 153 1049
107 12 153 938
107 13 147 648
107 14 162 929
107 15 134 735
107 16 152 680
107 17 154 1048
107 18 169 848
107 19 137 621
107 20 156 528
107 21 145 909
107 22 152 754
107 23 166 703
107 24 172 734
107 25 145 761
107 26 137 621
107 27 159 821
107 28 156 713
107 29 151 866
107 30 146 760
107 31 143 541
108 00 153 827
108 01 183 1167
108 02 153 901
108 03 169 996
108 04 176 693
108 05 158 711
108 06 180 948
108 07 172 808
108 08 183 649
108 09 177 1099
108 10 184 722
108 11 169 774
108 12 188 570
108 13 179 653
108 14 172 697
108 15 164 668
108 16 176 1063
108 17 159 673
108 18 165 926
108 19 155 751
108 20 164 705
108 21 163 595
108 22 153 605
108 23 167 813
108 24 185 684
108 25 160 746
108 26 154 678
108 27 182 1094
108 28 155 825
108 29 160 820
108 30 153 642
108 31 175 953
109 00 177 1025
109 01 177 914
109 02 168 738
109 03 188 866
109 04 185 906
109 05 172 919
109 06 185 721
109 07 182 761
109 08 182 909
109 09 169 885
109 10 166 -148
109 11 178 -12
109 12 184 833
109 13 182 798
109 14 174 880
109 15 165 1037
109 16 172 771
109 17 172 845
109 18 166 1221
109 19 168 849
109 20 174 806
109 21 176 804
109 22 172 882
109 23 172 993
109 24 174 621
109 25 158 896
109 26 164 779
109 27 172 956
109 28 178 543
109 29 190 716
109 30 167 591
109 31 174 769
111 00 187 978
111 01 189 865
111 02 186 1238
111 03 164 927
111 04 188 681
111 05 178 876
111 06 181 799
111 07 176 804
111 08 167 628
111 09 187 867
111 10 160 1005
111 11 182 687
111 12 177 1062
111 13 162 744
111 14 178 617
111 15 161 708
111 16 172 734
111 17 166 666
111 18 169 626
111 19 167 1479
111 20 173 733
111 21 178 839
111 22 153 753
111 23 159 747
111 24 164 742
111 25 171 920
111 26 169 663
111 27 173 659
111 28 159 784
111 29 160 709
111 30 180 -162
111 31 171 -42
112 00 183 575
112 01 201 298
112 02 204 1035
112 03 175 842
112 04 188 755
112 05 202 741
112 06 191 789
112 07 197 857
112 08 196 784
112 09 203 777
112 10 188 570
112 11 197 894
112 12 195 785
112 13 174 732
112 14 187 682
112 15 199 707
112 16 194 860
112 17 189 643
112 18 174 658
112 19 189 791
112 20 177 655
112 21 197 746
112 22 193 1009
112 23 180 800
112 24 190 716
112 25 194 675
112 26 189 865
112 27 172 1067
112 28 191 678
112 29 183 760
112 30 197 635
112 31 203 740
113 00 217 578
113 01 208 772
113 02 224 830
113 03 238 890
113 04 211 695
113 05 209 586
113 06 221 -203
113 07 210 -44
113 08 217 -51
113 09 220 -202
113 10 217 652
113 11 226 865
113 12 215 839
113 13 203 740
113 14 220 723
113 15 210 696
113 16 210 1029
113 17 221 981
113 18 220 1537
113 19 215 987
113 20 201 668
113 21 215 654
113 22 224 756
113 23 219 872
113 24 204 702
113 25 224 645
113 26 199 966
113 27 204 961
113 28 204 776
113 29 209 734
113 30 209 623
113 31 220 797
114 00 119 824
114 01 150 571
114 02 139 767
114 03 140 618
114 04 155 936
114 05 129 555
114 06 132 737
114 07 149 979
114 08 114 1125
114 09 146 1130
114 10 134 735
114 11 154 1011
114 12 130 1072
114 13 151 607
114 14 130 591
114 15 125 781
114 16 141 728
114 17 127 853
114 18 124 671
114 19 141 987
114 20 141 1135
114 21 137 1287
114 22 133 773
114 23 133 1069
114 24 134 994
114 25 137 880
114 26 137 621
114 27 124 634
114 28 147 907
114 29 140 729
114 30 112 683
114 31 148 721
115 00 131 960
115 01 148 832
115 02 139 841
115 03 150 830
115 04 127 927
115 05 162 1077
115 06 129 814
115 07 138 620
115 08 147 648
115 09 165 852
115 10 134 1068
115 11 140 914
115 12 143 615
115 13 146 1056
115 14 132 663
115 15 140 618
115 16 150 682
115 17 141 765
115 18 131 775
115 19 145 613
115 20 136 770
115 21 138 1101
115 22 143 874
115 23 138 1064
115 24 143 652
115 25 135 771
115 26 146 723
115 27 122 747
115 28 150 904
115 29 146 501
115 30 134 809
115 31 121 674
116 00 231 712
116 01 224 645
116 02 231 527
116 03 227 901
116 04 232 711
116 05 230 602
116 06 231 527
116 07 224 793
116 08 230 972
116 09 228 937
116 10 230 639
116 11 212 879
116 12 245 809
116 13 237 632
116 14 220 1500
116 15 220 723
116 16 224 830
116 17 238 816
116 18 230 1194
116 19 229 936
116 20 220 834
116 21 225 829
116 22 233 821
116 23 236 892
116 24 225 829
116 25 211 732
116 26 237 965
116 27 240 1073
116 28 227 790
116 29 235 597
116 30 226 791
116 31 215 654
117 00 202 963
117 01 213 693
117 02 205 923
117 03 196 673
117 04 229 788
117 05 226 717
117 06 214 655
117 07 214 729
117 08 214 877
117 09 225 755
117 10 228 1011
117 11 221 685
117 12 194 564
117 13 210 844
117 14 206 663
117 15 212 953
117 16 211 1657
117 17 213 1026
117 18 226 717
117 19 203 740
117 20 208 920
117 21 211 806
117 22 226 532
117 23 229 603
117 24 206 1070
117 25 209 623
117 26 203 1406
117 27 211 917
117 28 188 903
117 29 198 1041
117 30 213 767
117 31 216 579
118 00 130 665
118 01 124 856
118 02 147 796
118 03 142 1134
118 04 106 652
118 05 140 1099
118 06 133 847
118 07 148 536
118 08 141 728
118 09 131 738
118 10 128 593
118 11 140 766
118 12 146 945
118 13 131 1071
118 14 133 773
118 15 137 1139
118 16 128 630
118 17 121 933
118 18 142 727
118 19 137 843
118 20 128 1185
118 21 125 744
118 22 136 622
118 23 131 775
118 24 131 664
118 25 130 776
118 26 123 1042
118 27 124 1004
118 28 122 969
118 29 141 728
118 30 134 883
118 31 122 673
119 00 138 657
119 01 163 706
119 02 147 759
119 03 171 1179
119 04 164 705
119 05 165 1148
119 06 167 924
119 07 165 667
119 08 173 696
119 09 174 769
119 10 158 785
119 11 182 613
119 12 172 586
119 13 162 744
119 14 155 1158
119 15 161 745
119 16 173 696
119 17 164 668
119 18 161 634
119 19 157 712
119 20 165 926
119 21 143 800
119 22 165 1333
119 23 165 630
119 24 156 713
119 25 156 1046
119 26 149 868
119 27 179 616
119 28 148 721
119 29 161 819
119 30 173 955
119 31 163 817
120 00 165 778
120 01 199 670
120 02 197 931
120 03 185 610
120 04 198 967
120 05 187 534
120 06 191 1085
120 07 183 871
120 08 186 868
120 09 172 660
120 10 185 943
120 11 193 491
120 12 172 1030
120 13 192 677
120 14 187 830
120 15 180 467
120 16 172 882
120 17 189 606
120 18 176 804
120 19 175 805
120 20 185 1054
120 21 178 913
120 22 188 1088
120 23 172 734
120 24 177 1247
120 25 164 742
120 26 174 658
120 27 182 1057
120 28 185 684
120 29 177 618
120 30 182 946
120 31 160 968
121 00 186 683
121 01 197 968
121 02 192 566
121 03 170 921
121 04 171 1105
121 05 181 799
121 06 200 669
121 07 204 1035
121 08 199 707
121 09 168 1182
121 10 196 710
121 11 182 613
121 12 205 738
121 13 176 582
121 14 207 773
121 15 165 593
121 16 173 585
121 17 181 577
121 18 183 871
121 19 183 464
121 20 181 651
121 21 196 710
121 22 181 651
121 23 188 755
121 24 181 1132
121 25 208 587
121 26 181 836
121 27 181 799
121 28 189 1716
121 29 163 632
121 30 188 866
121 31 177 729
123 00 186 646
123 01 208 698
123 02 194 1156
123 03 191 1011
123 04 187 793
123 05 194 1230
123 06 198 671
123 07 191 641
123 08 213 1063
123 09 197 968
123 10 196 599
123 11 201 742
123 12 193 898
123 13 187 571
123 14 210 696
123 15 203 925
123 16 192 1010
123 17 182 724
123 18 177 988
123 19 191 604
123 20 198 1004
123 21 194 712
123 22 189 717
123 23 191 752
123 24 180 726
123 25 207 514
123 26 183 834
123 27 198 819
123 28 187 904
123 29 193 676
123 30 182 502
123 31 195 785
124 00 194 601
124 01 179 616
124 02 193 824
124 03 206 885
124 04 198 597
124 05 196 710
124 06 191 641
124 07 218 799
124 08 198 893
124 09 207 958
124 10 203 703
124 11 187 719
124 12 203 740
124 13 200 1002
124 14 194 -176
124 15 196 -30
124 16 187 941
124 17 187 571
124 18 179 690
124 19 190 864
124 20 195 563
124 21 183 908
124 22 175 1027
124 23 180 911
124 24 190 716
124 25 191 1011
124 26 177 840
124 27 169 737
124 28 181 614
124 29 201 1038
124 30 176 656
124 31 164 520
125 00 186 942
125 01 194 638
125 02 199 670
125 03 200 632
125 04 199 670
125 05 180 689
125 06 193 676
125 07 181 725
125 08 182 983
125 09 190 642
125 10 194 823
125 11 190 605
125 12 197 857
125 13 208 957
125 14 195 748
125 15 187 719
125 16 182 613
125 17 185 943
125 18 192 1158
125 19 188 829
125 20 183 834
125 21 193 787
125 22 180 800
125 23 178 987
125 24 190 901
125 25 199 929
125 26 173 1288
125 27 180 689
125 28 174 732
125 29 188 1162
125 30 181 836
125 31 197 598
126 00 119 1083
126 01 122 414
126 02 116 679
126 03 108 613
126 04 118 973
126 05 106 689
126 06 121 526
126 07 123 746
126 08 114 570
126 09 130 1035
126 10 112 720
126 11 108 946
126 12 122 673
126 13 105 579
126 14 119 676
126 15 117 789
126 16 127 816
126 17 100 1361
126 18 113 423
126 19 115 1124
126 20 119 787
126 21 111 721
126 22 131 1071
126 23 107 910
126 24 115 865
126 25 112 646
126 26 106 763
126 27 96  921
126 28 118 677
126 29 112 942
126 30 102 471
126 31 122 636
127 00 137 954
127 01 125 633
127 02 129 1147
127 03 127 668
127 04 128 704
127 05 121 748
127 06 123 598
127 07 142 801
127 08 130 1146
127 09 133 699
127 10 119 602
127 11 133 477
127 12 122 599
127 13 119 935
127 14 114 829
127 15 118 751
127 16 118 677
127 17 115 902
127 18 134 883
127 19 112 535
127 20 114 718
127 21 146 649
127 22 112 757
127 23 112 1090
127 24 110 833
127 25 122 673
127 26 91  1148
127 27 113 756
127 28 132 737
127 29 120 638
127 30 109 575
127 31 119 713
128 00 282 883
128 01 287 693
128 02 312 927
128 03 293 1020
128 04 296 980
128 05 291 1022
128 06 295 759
128 07 296 943
128 08 293 576
128 09 293 724
128 10 295 944
128 11 288 729
128 12 279 664
128 13 289 839
128 14 281 699
128 15 280 552
128 16 278 665
128 17 306 822
128 18 295 611
128 19 276 852
128 20 291 948
128 21 294 1056
128 22 295 1018
128 23 303 825
128 24 283 771
128 25 279 1145
128 26 298 830
128 27 287 619
128 28 293 1131
128 29 287 878
128 30 283 549
128 31 268 601
129 00 216 616
129 01 237 743
129 02 235 1004
129 03 239 704
129 04 243 1070
129 05 204 924
129 06 231 786
129 07 215 543
129 08 227 642
129 09 232 785
129 10 234 1116
129 11 232 1118
129 12 205 775
129 13 220 834
129 14 219 1094
129 15 231 638
129 16 239 593
129 17 249 694
129 18 230 1157
129 19 227 790
129 20 229 566
129 21 226 643
129 22 226 569
129 23 207 847
129 24 231 1119
129 25 206 1070
129 26 223 1497
129 27 225 1125
129 28 218 614
129 29 224 719
129 30 213 619
129 31 203 666
195 00 163 965
195 01 168 775
195 02 153 642
195 03 156 824
195 04 173 807
195 05 161 819
195 06 175 731
195 07 172 660
195 08 156 787
195 09 151 792
195 10 155 714
195 11 159 895
195 12 161 930
195 13 155 862
195 14 169 959
195 15 156 935
195 16 157 527
195 17 162 633
195 18 147 722
195 19 172 623
195 20 164 742
195 21 156 750
195 22 160 1042
195 23 156 713
195 24 166 777
195 25 172 771
195 26 142 690
195 27 173 1288
195 28 172 660
195 29 156 972
195 30 154 678
195 31 156 1083
