11 00 1319
11 01 1242
11 02 1272
11 03 1009
11 04 1290
11 05 1146
11 06 1138
11 07 1207
11 08 1043
11 09 1140
11 10 1076
11 11 918
11 12 1026
11 13 922
11 14 1249
11 15 1061
11 16 1080
11 17 962
11 18 999
11 19 1120
11 20 1100
11 21 888
11 22 1164
11 23 1196
11 24 880
11 25 1157
11 26 889
11 27 1155
11 28 1086
11 29 1090
11 30 1232
11 31 1116
12 00 1170
12 01 1201
12 02 1000
12 03 1153
12 04 1164
12 05 1380
12 06 936
12 07 1294
12 08 1292
12 09 998
12 10 1264
12 11 956
12 12 1343
12 13 1161
12 14 890
12 15 1166
12 16 1131
12 17 948
12 18 1115
12 19 926
12 20 1138
12 21 1268
12 22 1138
12 23 1208
12 24 1087
12 25 1127
12 26 1142
12 27 1004
12 28 1329
12 29 1109
12 30 1460
12 31 1106
14 00 1054
14 01 967
14 02 937
14 03 860
14 04 964
14 05 1087
14 06 1156
14 07 1040
14 08 1044
14 09 855
14 10 927
14 11 966
14 12 1197
14 13 1162
14 14 1125
14 15 934
14 16 1630
14 17 1162
14 18 946
14 19 1282
14 20 894
14 21 851
14 22 797
14 23 1055
14 24 1089
14 25 982
14 26 1081
14 27 985
14 28 904
14 29 1052
14 30 727
14 31 682
15 00 1234
15 01 1804
15 02 1661
15 03 1131
15 04 988
15 05 1131
15 06 1663
15 07 1507
15 08 998
15 09 996
15 10 1588
15 11 2513
15 12 1108
15 13 959
15 14 910
15 15 1325
15 16 1488
15 17 1547
15 18 1819
15 19 1693
15 20 1037
15 21 1446
15 22 973
15 23 1351
15 24 1557
15 25 1402
15 26 1785
15 27 1534
15 28 1998
15 29 1308
15 30 1946
15 31 1963
16 00 2497
16 01 1149
16 02 1027
16 03 2174
16 04 1326
16 05 1761
16 06 2052
16 07 1258
16 08 3044
16 09 1254
16 10 1443
16 11 3316
16 12 807
16 13 875
16 14 912
16 15 1767
16 16 2038
16 17 1077
16 18 3514
16 19 2017
16 20 3514
16 21 1545
16 22 1869
16 23 1131
16 24 1949
16 25 890
16 26 1038
16 27 1221
16 28 672
16 29 1222
16 30 1668
16 31 1406
17 00 1028
17 01 824
17 02 888
17 03 906
17 04 1127
17 05 1081
17 06 868
17 07 1077
17 08 1028
17 09 782
17 10 1140
17 11 872
17 12 927
17 13 889
17 14 1074
17 15 1053
17 16 1016
17 17 1497
17 18 1084
17 19 1260
17 20 1341
17 21 1127
17 22 994
17 23 1094
17 24 1230
17 25 1090
17 26 942
17 27 1164
17 28 1053
17 29 1038
17 30 905
17 31 876
18 00 1022
18 01 1147
18 02 920
18 03 1003
18 04 987
18 05 1188
18 06 1091
18 07 1177
18 08 939
18 09 931
18 10 786
18 11 1004
18 12 1202
18 13 1116
18 14 1091
18 15 1033
18 16 1128
18 17 1081
18 18 1041
18 19 1202
18 20 1034
18 21 1320
18 22 1276
18 23 1138
18 24 980
18 25 872
18 26 1054
18 27 946
18 28 1017
18 29 1017
18 30 1021
18 31 1084
19 00 903
19 01 1021
19 02 1061
19 03 1078
19 04 995
19 05 1056
19 06 1328
19 07 985
19 08 977
19 09 1064
19 10 1027
19 11 1004
19 12 1071
19 13 1076
19 14 1032
19 15 1118
19 16 915
19 17 1069
19 18 921
19 19 1087
19 20 1100
19 21 1009
19 22 887
19 23 931
19 24 1243
19 25 1189
19 26 1032
19 27 803
19 28 977
19 29 1087
19 30 858
19 31 998
20 00 1748
20 01 1508
20 02 1189
20 03 1293
20 04 1519
20 05 1306
20 06 1235
20 07 792
20 08 1837
20 09 1448
20 10 1409
20 11 1220
20 12 1611
20 13 1491
20 14 1963
20 15 1190
20 16 1965
20 17 1303
20 18 1083
20 19 1117
20 20 1158
20 21 1461
20 22 1709
20 23 1458
20 24 1851
20 25 1196
20 26 2095
20 27 2571
20 28 1683
20 29 1239
20 30 1113
20 31 1582
21 00 1873
21 01 1662
21 02 1990
21 03 1642
21 04 1661
21 05 1071
21 06 1136
21 07 1289
21 08 1488
21 09 1293
21 10 1517
21 11 1548
21 12 916
21 13 1697
21 14 1626
21 15 2272
21 16 903
21 17 1631
21 18 1912
21 19 1667
21 20 1716
21 21 1519
21 22 1133
21 23 1559
21 24 1035
21 25 1342
21 26 681
21 27 533
21 28 989
21 29 2474
21 30 1151
21 31 1390
22 00 943
22 01 1016
22 02 1120
22 03 938
22 04 1023
22 05 1166
22 06 1046
22 07 1060
22 08 1020
22 09 1067
22 10 1014
22 11 796
22 12 808
22 13 856
22 14 840
22 15 1069
22 16 996
22 17 820
22 18 1157
22 19 1084
22 20 1069
22 21 931
22 22 1030
22 23 912
22 24 991
22 25 905
22 26 775
22 27 1026
22 28 1097
22 29 851
22 30 1042
22 31 1223
23 00 1055
23 01 756
23 02 927
23 03 1001
23 04 1004
23 05 961
23 06 1048
23 07 1131
23 08 1054
23 09 1190
23 10 972
23 11 1132
23 12 898
23 13 988
23 14 1008
23 15 1048
23 16 1127
23 17 937
23 18 814
23 19 793
23 20 974
23 21 1133
23 22 1209
23 23 992
23 24 1029
23 25 1052
23 26 1091
23 27 868
23 28 808
23 29 962
23 30 1219
23 31 930
24 00 796
24 01 1056
24 02 1058
24 03 1129
24 04 976
24 05 986
24 06 1173
24 07 793
24 08 919
24 09 830
24 10 881
24 11 1090
24 12 1063
24 13 1026
24 14 1079
24 15 1316
24 16 801
24 17 755
24 18 899
24 19 760
24 20 1044
24 21 884
24 22 866
24 23 1014
24 24 813
24 25 1009
24 26 910
24 27 1141
24 28 1351
24 29 992
24 30 1100
24 31 1248
26 00 1669
26 01 1443
26 02 771
26 03 1036
26 04 3513
26 05 1194
26 06 1025
26 07 2222
26 08 1742
26 09 1109
26 10 1065
26 11 1106
26 12 1286
26 13 1186
26 14 771
26 15 2020
26 16 1328
26 17 1208
26 18 1876
26 19 1062
26 20 1290
26 21 1321
26 22 1215
26 23 1360
26 24 1343
26 25 1587
26 26 2027
26 27 1125
26 28 1660
26 29 858
26 30 1288
26 31 1686
27 00 1173
27 01 1309
27 02 1271
27 03 1354
27 04 1457
27 05 1043
27 06 1087
27 07 1503
27 08 1261
27 09 1441
27 10 1064
27 11 1800
27 12 1359
27 13 1435
27 14 1212
27 15 1677
27 16 1355
27 17 1285
27 18 2098
27 19 1326
27 20 1547
27 21 1198
27 22 1513
27 23 1440
27 24 1383
27 25 1131
27 26 1299
27 27 1696
27 28 1334
27 29 1211
27 30 1217
27 31 1256
28 00 1307
28 01 1467
28 02 1345
28 03 1333
28 04 1115
28 05 2136
28 06 1507
28 07 1312
28 08 1209
28 09 1406
28 10 1141
28 11 2014
28 12 1797
28 13 1399
28 14 893
28 15 1105
28 16 1720
28 17 1207
28 18 1195
28 19 1489
28 20 -24
28 21 17
28 22 14
28 23 -38
28 24 1145
28 25 1163
28 26 1315
28 27 1142
28 28 1940
28 29 2126
28 30 1134
28 31 1631
29 00 972
29 01 1139
29 02 1160
29 03 1300
29 04 1879
29 05 2207
29 06 1364
29 07 955
29 08 1816
29 09 2059
29 10 1213
29 11 1479
29 12 1410
29 13 1511
29 14 1662
29 15 1150
29 16 1250
29 17 1231
29 18 1135
29 19 1240
29 20 1473
29 21 1215
29 22 -116
29 23 0
29 24 1126
29 25 1480
29 26 1032
29 27 1848
29 28 880
29 29 1447
29 30 1089
29 31 1412
30 00 -110
30 01 -11
30 02 1851
30 03 1281
30 04 1827
30 05 2171
30 06 1350
30 07 976
30 08 1296
30 09 2106
30 10 1399
30 11 1032
30 12 1167
30 13 1136
30 14 2232
30 15 1364
30 16 1140
30 17 1482
30 18 1287
30 19 1734
30 20 1398
30 21 1502
30 22 1478
30 23 1704
30 24 1445
30 25 1407
30 26 1891
30 27 2805
30 28 1267
30 29 1169
30 30 1671
30 31 1332
31 00 1486
31 01 1275
31 02 2274
31 03 1225
31 04 1238
31 05 1275
31 06 1300
31 07 1561
31 08 1305
31 09 975
31 10 1538
31 11 1680
31 12 1280
31 13 1140
31 14 1127
31 15 1469
31 16 932
31 17 1172
31 18 1990
31 19 1871
31 20 1946
31 21 1500
31 22 1153
31 23 1825
31 24 1288
31 25 1719
31 26 3579
31 27 1033
31 28 1202
31 29 1326
31 30 2201
31 31 1593
32 00 1215
32 01 1944
32 02 -157
32 03 -26
32 04 1672
32 05 1352
32 06 1634
32 07 1244
32 08 1245
32 09 1732
32 10 1543
32 11 1378
32 12 1801
32 13 1574
32 14 1575
32 15 1216
32 16 1501
32 17 1950
32 18 1657
32 19 2165
32 20 1174
32 21 1795
32 22 1549
32 23 1062
32 24 1992
32 25 1611
32 26 1501
32 27 2107
32 28 1600
32 29 1552
32 30 1352
32 31 1664
33 00 1180
33 01 1795
33 02 1105
33 03 1278
33 04 1093
33 05 1356
33 06 1539
33 07 958
33 08 1872
33 09 1524
33 10 1246
33 11 1342
33 12 1205
33 13 1208
33 14 1649
33 15 1210
33 16 1358
33 17 1550
33 18 1061
33 19 1032
33 20 2060
33 21 1513
33 22 1362
33 23 1735
33 24 1298
33 25 1509
33 26 1427
33 27 1143
33 28 1536
33 29 1439
33 30 1539
33 31 1957
34 00 993
34 01 1465
34 02 1851
34 03 1207
34 04 1105
34 05 2055
34 06 1476
34 07 1875
34 08 1173
34 09 2099
34 10 2081
34 11 1582
34 12 1051
34 13 1726
34 14 1206
34 15 1062
34 16 1255
34 17 1587
34 18 1578
34 19 1698
34 20 1653
34 21 1336
34 22 1364
34 23 1203
34 24 1365
34 25 1214
34 26 1416
34 27 1268
34 28 1180
34 29 1147
34 30 1276
34 31 2646
35 00 1202
35 01 1424
35 02 1987
35 03 969
35 04 2009
35 05 1442
35 06 1523
35 07 1324
35 08 2529
35 09 1736
35 10 1789
35 11 1553
35 12 1868
35 13 1872
35 14 1668
35 15 2041
35 16 1665
35 17 1576
35 18 1862
35 19 1837
35 20 1646
35 21 1393
35 22 1123
35 23 1381
35 24 1397
35 25 1647
35 26 1362
35 27 1509
35 28 1077
35 29 1886
35 30 1756
35 31 1355
36 00 1236
36 01 1487
36 02 1681
36 03 1867
36 04 1459
36 05 1245
36 06 1574
36 07 1454
36 08 1935
36 09 2268
36 10 1683
36 11 1939
36 12 1418
36 13 1711
36 14 1201
36 15 1348
36 16 1536
36 17 2012
36 18 1660
36 19 1264
36 20 1246
36 21 1415
36 22 1202
36 23 1034
36 24 1454
36 25 1274
36 26 1141
36 27 1203
36 28 1251
36 29 1768
36 30 1102
36 31 2291
37 00 1003
37 01 1490
37 02 -163
37 03 -10
37 04 1545
37 05 2031
37 06 -186
37 07 -23
37 08 1260
37 09 1443
37 10 1858
37 11 1523
37 12 -44
37 13 -170
37 14 1285
37 15 1490
37 16 1059
37 17 1265
37 18 1086
37 19 2300
37 20 3500
37 21 1206
37 22 1302
37 23 1156
37 24 1170
37 25 2309
37 26 -157
37 27 -14
37 28 1472
37 29 1526
37 30 801
37 31 357
38 00 1525
38 01 1547
38 02 1332
38 03 1728
38 04 1040
38 05 1632
38 06 1345
38 07 2072
38 08 -28
38 09 -188
38 10 1638
38 11 1662
38 12 1265
38 13 1337
38 14 1673
38 15 1608
38 16 1374
38 17 1612
38 18 1909
38 19 1572
38 20 1297
38 21 1278
38 22 1713
38 23 1857
38 24 1333
38 25 1302
38 26 1751
38 27 1236
38 28 1350
38 29 1826
38 30 1194
38 31 2366
39 00 410
39 01 1220
39 02 602
39 03 530
39 04 930
39 05 2123
39 06 2337
39 07 2112
39 08 2085
39 09 2019
39 10 967
39 11 1943
39 12 1094
39 13 1842
39 14 1051
39 15 1501
39 16 1374
39 17 942
39 18 1392
39 19 1485
39 20 1613
39 21 1208
39 22 1600
39 23 1351
39 24 902
39 25 1311
39 26 1534
39 27 861
39 28 1325
39 29 1519
39 30 1539
39 31 2197
40 00 1534
40 01 1067
40 02 1051
40 03 1196
40 04 1565
40 05 1285
40 06 1001
40 07 1585
40 08 2201
40 09 3492
40 10 1270
40 11 1651
40 12 1659
40 13 1200
40 14 1370
40 15 1178
40 16 994
40 17 1112
40 18 1390
40 19 1279
40 20 1731
40 21 1500
40 22 1501
40 23 1272
40 24 1161
40 25 2326
40 26 1902
40 27 1400
40 28 1807
40 29 1879
40 30 958
40 31 1621
41 00 -188
41 01 -24
41 02 1531
41 03 1080
41 04 1477
41 05 1735
41 06 1664
41 07 1728
41 08 2032
41 09 1670
41 10 1765
41 11 1401
41 12 2389
41 13 2564
41 14 1080
41 15 1394
41 16 2411
41 17 1218
41 18 1138
41 19 1024
41 20 1598
41 21 1033
41 22 1178
41 23 1429
41 24 1258
41 25 1403
41 26 2108
41 27 2249
41 28 1227
41 29 1354
41 30 1664
41 31 1667
42 00 1326
42 01 1333
42 02 1192
42 03 1548
42 04 1030
42 05 992
42 06 1095
42 07 875
42 08 1719
42 09 2218
42 10 1293
42 11 1139
42 12 1638
42 13 2058
42 14 1602
42 15 2752
42 16 1217
42 17 1226
42 18 1234
42 19 1266
42 20 1883
42 21 1523
42 22 1848
42 23 1526
42 24 1237
42 25 1586
42 26 1229
42 27 1737
42 28 1280
42 29 2049
42 30 967
42 31 1769
43 00 1724
43 01 1369
43 02 1493
43 03 1733
43 04 1424
43 05 1502
43 06 1927
43 07 1808
43 08 1584
43 09 1372
43 10 2021
43 11 822
43 12 1211
43 13 1428
43 14 1182
43 15 926
43 16 1262
43 17 1139
43 18 1550
43 19 969
43 20 1069
43 21 1735
43 22 1131
43 23 1158
43 24 1193
43 25 930
43 26 1710
43 27 1527
43 28 1167
43 29 1193
43 30 1963
43 31 1559
44 00 1697
44 01 2141
44 02 1772
44 03 2199
44 04 1698
44 05 1609
44 06 1576
44 07 1831
44 08 1313
44 09 1691
44 10 2061
44 11 1424
44 12 1397
44 13 2127
44 14 1612
44 15 1652
44 16 1471
44 17 1057
44 18 1180
44 19 1324
44 20 1140
44 21 1393
44 22 2357
44 23 1409
44 24 1179
44 25 1128
44 26 2485
44 27 1512
44 28 856
44 29 1695
44 30 1547
44 31 1336
45 00 1357
45 01 1631
45 02 1566
45 03 1736
45 04 1434
45 05 1484
45 06 1642
45 07 1617
45 08 1305
45 09 1713
45 10 1533
45 11 1055
45 12 1142
45 13 1239
45 14 1115
45 15 1638
45 16 3533
45 17 1815
45 18 1584
45 19 1121
45 20 1379
45 21 795
45 22 1979
45 23 1034
45 24 954
45 25 980
45 26 434
45 27 1871
45 28 1970
45 29 873
45 30 894
45 31 3392
46 00 1179
46 01 1328
46 02 1622
46 03 1731
46 04 -26
46 05 -201
46 06 1330
46 07 1237
46 08 1154
46 09 1661
46 10 1803
46 11 1315
46 12 3466
46 13 1464
46 14 1575
46 15 1119
46 16 1660
46 17 1665
46 18 2088
46 19 1626
46 20 1659
46 21 1760
46 22 1516
46 23 1692
46 24 1552
46 25 1407
46 26 1249
46 27 1352
46 28 1616
46 29 1649
46 30 1211
46 31 1279
47 00 2296
47 01 1509
47 02 1877
47 03 2251
47 04 1680
47 05 1132
47 06 1086
47 07 2151
47 08 1134
47 09 1824
47 10 2284
47 11 2000
47 12 881
47 13 2105
47 14 2499
47 15 1258
47 16 1185
47 17 1539
47 18 2079
47 19 1354
47 20 2069
47 21 1698
47 22 1916
47 23 1472
47 24 1770
47 25 1365
47 26 3590
47 27 1509
47 28 1220
47 29 1367
47 30 1052
47 31 992
48 00 1665
48 01 1796
48 02 2047
48 03 1402
48 04 1537
48 05 1376
48 06 2251
48 07 2276
48 08 1398
48 09 1512
48 10 1278
48 11 2250
48 12 2346
48 13 1586
48 14 1518
48 15 1061
48 16 1635
48 17 1441
48 18 1248
48 19 1211
48 20 1076
48 21 1112
48 22 955
48 23 1627
48 24 2104
48 25 1851
48 26 1592
48 27 2025
48 28 1971
48 29 1363
48 30 1635
48 31 1219
49 00 1224
49 01 1987
49 02 1506
49 03 1580
49 04 1503
49 05 1621
49 06 1238
49 07 1624
49 08 1250
49 09 1480
49 10 3438
49 11 1484
49 12 2295
49 13 1454
49 14 1425
49 15 1959
49 16 2154
49 17 666
49 18 1584
49 19 1147
49 20 1014
49 21 1218
49 22 1172
49 23 1641
49 24 1260
49 25 1162
49 26 979
49 27 1122
49 28 3462
49 29 1286
49 30 1066
49 31 1273
50 00 1128
50 01 1931
50 02 1980
50 03 1203
50 04 1313
50 05 1927
50 06 1685
50 07 1833
50 08 1202
50 09 1563
50 10 1166
50 11 1757
50 12 1720
50 13 944
50 14 1056
50 15 1537
50 16 1055
50 17 3497
50 18 1499
50 19 1906
50 20 1442
50 21 1186
50 22 1499
50 23 1869
50 24 1890
50 25 1770
50 26 1646
50 27 3509
50 28 1179
50 29 2128
50 30 2203
50 31 1239
51 00 2317
51 01 2113
51 02 1512
51 03 1342
51 04 961
51 05 1003
51 06 1036
51 07 1566
51 08 1224
51 09 2442
51 10 1214
51 11 1310
51 12 1947
51 13 1676
51 14 1072
51 15 1669
51 16 2124
51 17 1207
51 18 2125
51 19 3551
51 20 1229
51 21 1674
51 22 1120
51 23 1815
51 24 1448
51 25 1540
51 26 1293
51 27 1348
51 28 1231
51 29 1487
51 30 813
51 31 2462
52 00 1156
52 01 1492
52 02 1907
52 03 1286
52 04 1595
52 05 872
52 06 1470
52 07 1159
52 08 1359
52 09 1415
52 10 1470
52 11 1609
52 12 1361
52 13 1439
52 14 921
52 15 1752
52 16 2002
52 17 1530
52 18 1621
52 19 1311
52 20 1433
52 21 1256
52 22 1344
52 23 923
52 24 1718
52 25 1583
52 26 1915
52 27 1550
52 28 1966
52 29 2140
52 30 1136
52 31 1730
53 00 1440
53 01 961
53 02 1035
53 03 1193
53 04 1807
53 05 1369
53 06 773
53 07 1368
53 08 3406
53 09 1013
53 10 1603
53 11 1105
53 12 1963
53 13 888
53 14 1232
53 15 966
53 16 1006
53 17 678
53 18 1228
53 19 931
53 20 3052
53 21 60
53 22 785
53 23 1194
53 24 1941
53 25 1227
53 26 978
53 27 172
53 28 1227
53 29 1145
53 30 1061
53 31 1797
54 00 1085
54 01 1236
54 02 1116
54 03 1203
54 04 752
54 05 2044
54 06 2175
54 07 1036
54 08 1516
54 09 1030
54 10 1624
54 11 1227
54 12 2364
54 13 2331
54 14 1681
54 15 1413
54 16 1230
54 17 1102
54 18 1419
54 19 1193
54 20 3
54 21 16
54 22 1124
54 23 1297
54 24 1796
54 25 1680
54 26 1156
54 27 1237
54 28 1572
54 29 3339
54 30 1027
54 31 1108
55 00 1257
55 01 794
55 02 934
55 03 792
55 04 1359
55 05 1254
55 06 639
55 07 726
55 08 956
55 09 1386
55 10 1244
55 11 1004
55 12 1570
55 13 1698
55 14 688
55 15 1639
55 16 1354
55 17 1094
55 18 1348
55 19 1683
55 20 1131
55 21 1155
55 22 1172
55 23 953
55 24 2531
55 25 1031
55 26 1283
55 27 1201
55 28 2174
55 29 1685
55 30 1084
55 31 1607
56 00 1408
56 01 1737
56 02 1166
56 03 1338
56 04 1455
56 05 1355
56 06 1552
56 07 1480
56 08 1244
56 09 1627
56 10 2080
56 11 1265
56 12 1592
56 13 1629
56 14 1171
56 15 1377
56 16 1878
56 17 1599
56 18 1592
56 19 1101
56 20 3230
56 21 29
56 22 1405
56 23 1313
56 24 942
56 25 891
56 26 1443
56 27 2393
56 28 1422
56 29 1356
56 30 1531
56 31 554
57 00 1375
57 01 1042
57 02 1255
57 03 1881
57 04 1106
57 05 3033
57 06 1179
57 07 2192
57 08 1004
57 09 1326
57 10 1209
57 11 1381
57 12 1221
57 13 1642
57 14 1185
57 15 1624
57 16 1748
57 17 1678
57 18 1535
57 19 1180
57 20 1410
57 21 1564
57 22 884
57 23 867
57 24 1718
57 25 1637
57 26 858
57 27 1572
57 28 1451
57 29 1308
57 30 1089
57 31 1204
58 00 916
58 01 2022
58 02 1833
58 03 1500
58 04 1876
58 05 1351
58 06 1355
58 07 1537
58 08 1142
58 09 1700
58 10 1151
58 11 1774
58 12 1277
58 13 1205
58 14 1138
58 15 1148
58 16 1740
58 17 1153
58 18 1352
58 19 1852
58 20 1370
58 21 991
58 22 1486
58 23 1752
58 24 1547
58 25 1814
58 26 1624
58 27 1212
58 28 1056
58 29 1413
58 30 931
58 31 1298
59 00 1475
59 01 1175
59 02 1049
59 03 1233
59 04 1847
59 05 1221
59 06 1693
59 07 2254
59 08 1326
59 09 949
59 10 1497
59 11 1833
59 12 1184
59 13 1217
59 14 1088
59 15 1426
59 16 1357
59 17 1365
59 18 1365
59 19 1277
59 20 1394
59 21 1534
59 22 2811
59 23 2188
59 24 1666
59 25 807
59 26 1046
59 27 1379
59 28 1735
59 29 1722
59 30 1173
59 31 991
60 00 1246
60 01 1089
60 02 1398
60 03 899
60 04 1197
60 05 1112
60 06 1908
60 07 1804
60 08 1680
60 09 1138
60 10 1439
60 11 1234
60 12 2078
60 13 1361
60 14 1898
60 15 1202
60 16 1084
60 17 1390
60 18 1245
60 19 1549
60 20 1055
60 21 2436
60 22 1762
60 23 1720
60 24 1160
60 25 2222
60 26 1843
60 27 1759
60 28 2230
60 29 1258
60 30 659
60 31 2584
61 00 1470
61 01 931
61 02 1318
61 03 1951
61 04 1823
61 05 1655
61 06 1544
61 07 1524
61 08 951
61 09 1403
61 10 1960
61 11 991
61 12 1385
61 13 1406
61 14 916
61 15 1507
61 16 1624
61 17 1596
61 18 1700
61 19 1329
61 20 1156
61 21 1063
61 22 1601
61 23 1620
61 24 1108
61 25 1876
61 26 931
61 27 1223
61 28 981
61 29 1487
61 30 1490
61 31 1412
105 00 939
105 01 563
105 02 744
105 03 853
105 04 851
105 05 735
105 06 827
105 07 667
105 08 897
105 09 901
105 10 685
105 11 933
105 12 892
105 13 788
105 14 670
105 15 691
105 16 1036
105 17 806
105 18 1013
105 19 561
105 20 956
105 21 571
105 22 967
105 23 937
105 24 945
105 25 781
105 26 753
105 27 676
105 28 542
105 29 820
105 30 717
105 31 643
106 00 569
106 01 791
106 02 828
106 03 630
106 04 688
106 05 988
106 06 823
106 07 689
106 08 721
106 09 778
106 10 649
106 11 798
106 12 863
106 13 829
106 14 1014
106 15 768
106 16 968
106 17 888
106 18 717
106 19 642
106 20 1058
106 21 871
106 22 1022
106 23 685
106 24 731
106 25 1071
106 26 653
106 27 840
106 28 708
106 29 657
106 30 821
106 31 791
107 00 626
107 01 550
107 02 768
107 03 731
107 04 739
107 05 857
107 06 759
107 07 769
107 08 1038
107 09 1129
107 10 631
107 11 1049
107 12 938
107 13 648
107 14 929
107 15 735
107 16 680
107 17 1048
107 18 848
107 19 621
107 20 528
107 21 909
107 22 754
107 23 703
107 24 734
107 25 761
107 26 621
107 27 821
107 28 713
107 29 866
107 30 760
107 31 541
108 00 827
108 01 1167
108 02 901
108 03 996
108 04 693
108 05 711
108 06 948
108 07 808
108 08 649
108 09 1099
108 10 722
108 11 774
108 12 570
108 13 653
108 14 697
108 15 668
108 16 1063
108 17 673
108 18 926
108 19 751
108 20 705
108 21 595
108 22 605
108 23 813
108 24 684
108 25 746
108 26 678
108 27 1094
108 28 825
108 29 820
108 30 642
108 31 953
109 00 1025
109 01 914
109 02 738
109 03 866
109 04 906
109 05 919
109 06 721
109 07 761
109 08 909
109 09 885
109 10 -148
109 11 -12
109 12 833
109 13 798
109 14 880
109 15 1037
109 16 771
109 17 845
109 18 1221
109 19 849
109 20 806
109 21 804
109 22 882
109 23 993
109 24 621
109 25 896
109 26 779
109 27 956
109 28 543
109 29 716
109 30 591
109 31 769
111 00 978
111 01 865
111 02 1238
111 03 927
111 04 681
111 05 876
111 06 799
111 07 804
111 08 628
111 09 867
111 10 1005
111 11 687
111 12 1062
111 13 744
111 14 617
111 15 708
111 16 734
111 17 666
111 18 626
111 19 1479
111 20 733
111 21 839
111 22 753
111 23 747
111 24 742
111 25 920
111 26 663
111 27 659
111 28 784
111 29 709
111 30 -162
111 31 -42
112 00 575
112 01 298
112 02 1035
112 03 842
112 04 755
112 05 741
112 06 789
112 07 857
112 08 784
112 09 777
112 10 570
112 11 894
112 12 785
112 13 732
112 14 682
112 15 707
112 16 860
112 17 643
112 18 658
112 19 791
112 20 655
112 21 746
112 22 1009
112 23 800
112 24 716
112 25 675
112 26 865
112 27 1067
112 28 678
112 29 760
112 30 635
112 31 740
113 00 578
113 01 772
113 02 830
113 03 890
113 04 695
113 05 586
113 06 -203
113 07 -44
113 08 -51
113 09 -202
113 10 652
113 11 865
113 12 839
113 13 740
113 14 723
113 15 696
113 16 1029
113 17 981
113 18 1537
113 19 987
113 20 668
113 21 654
113 22 756
113 23 872
113 24 702
113 25 645
113 26 966
113 27 961
113 28 776
113 29 734
113 30 623
113 31 797
114 00 824
114 01 571
114 02 767
114 03 618
114 04 936
114 05 555
114 06 737
114 07 979
114 08 1125
114 09 1130
114 10 735
114 11 1011
114 12 1072
114 13 607
114 14 591
114 15 781
114 16 728
114 17 853
114 18 671
114 19 987
114 20 1135
114 21 1287
114 22 773
114 23 1069
114 24 994
114 25 880
114 26 621
114 27 634
114 28 907
114 29 729
114 30 683
114 31 721
115 00 960
115 01 832
115 02 841
115 03 830
115 04 927
115 05 1077
115 06 814
115 07 620
115 08 648
115 09 852
115 10 1068
115 11 914
115 12 615
115 13 1056
115 14 663
115 15 618
115 16 682
115 17 765
115 18 775
115 19 613
115 20 770
115 21 1101
115 22 874
115 23 1064
115 24 652
115 25 771
115 26 723
115 27 747
115 28 904
115 29 501
115 30 809
115 31 674
116 00 712
116 01 645
116 02 527
116 03 901
116 04 711
116 05 602
116 06 527
116 07 793
116 08 972
116 09 937
116 10 639
116 11 879
116 12 809
116 13 632
116 14 1500
116 15 723
116 16 830
116 17 816
116 18 1194
116 19 936
116 20 834
116 21 829
116 22 821
116 23 892
116 24 829
116 25 732
116 26 965
116 27 1073
116 28 790
116 29 597
116 30 791
116 31 654
117 00 963
117 01 693
117 02 923
117 03 673
117 04 788
117 05 717
117 06 655
117 07 729
117 08 877
117 09 755
117 10 1011
117 11 685
117 12 564
117 13 844
117 14 663
117 15 953
117 16 1657
117 17 1026
117 18 717
117 19 740
117 20 920
117 21 806
117 22 532
117 23 603
117 24 1070
117 25 623
117 26 1406
117 27 917
117 28 903
117 29 1041
117 30 767
117 31 579
118 00 665
118 01 856
118 02 796
118 03 1134
118 04 652
118 05 1099
118 06 847
118 07 536
118 08 728
118 09 738
118 10 593
118 11 766
118 12 945
118 13 1071
118 14 773
118 15 1139
118 16 630
118 17 933
118 18 727
118 19 843
118 20 1185
118 21 744
118 22 622
118 23 775
118 24 664
118 25 776
118 26 1042
118 27 1004
118 28 969
118 29 728
118 30 883
118 31 673
119 00 657
119 01 706
119 02 759
119 03 1179
119 04 705
119 05 1148
119 06 924
119 07 667
119 08 696
119 09 769
119 10 785
119 11 613
119 12 586
119 13 744
119 14 1158
119 15 745
119 16 696
119 17 668
119 18 634
119 19 712
119 20 926
119 21 800
119 22 1333
119 23 630
119 24 713
119 25 1046
119 26 868
119 27 616
119 28 721
119 29 819
119 30 955
119 31 817
120 00 778
120 01 670
120 02 931
120 03 610
120 04 967
120 05 534
120 06 1085
120 07 871
120 08 868
120 09 660
120 10 943
120 11 491
120 12 1030
120 13 677
120 14 830
120 15 467
120 16 882
120 17 606
120 18 804
120 19 805
120 20 1054
120 21 913
120 22 1088
120 23 734
120 24 1247
120 25 742
120 26 658
120 27 1057
120 28 684
120 29 618
120 30 946
120 31 968
121 00 683
121 01 968
121 02 566
121 03 921
121 04 1105
121 05 799
121 06 669
121 07 1035
121 08 707
121 09 1182
121 10 710
121 11 613
121 12 738
121 13 582
121 14 773
121 15 593
121 16 585
121 17 577
121 18 871
121 19 464
121 20 651
121 21 710
121 22 651
121 23 755
121 24 1132
121 25 587
121 26 836
121 27 799
121 28 1716
121 29 632
121 30 866
121 31 729
123 00 646
123 01 698
123 02 1156
123 03 1011
123 04 793
123 05 1230
123 06 671
123 07 641
123 08 1063
123 09 968
123 10 599
123 11 742
123 12 898
123 13 571
123 14 696
123 15 925
123 16 1010
123 17 724
123 18 988
123 19 604
123 20 1004
123 21 712
123 22 717
123 23 752
123 24 726
123 25 514
123 26 834
123 27 819
123 28 904
123 29 676
123 30 502
123 31 785
124 00 601
124 01 616
124 02 824
124 03 885
124 04 597
124 05 710
124 06 641
124 07 799
124 08 893
124 09 958
124 10 703
124 11 719
124 12 740
124 13 1002
124 14 -176
124 15 -30
124 16 941
124 17 571
124 18 690
124 19 864
124 20 563
124 21 908
124 22 1027
124 23 911
124 24 716
124 25 1011
124 26 840
124 27 737
124 28 614
124 29 1038
124 30 656
124 31 520
125 00 942
125 01 638
125 02 670
125 03 632
125 04 670
125 05 689
125 06 676
125 07 725
125 08 983
125 09 642
125 10 823
125 11 605
125 12 857
125 13 957
125 14 748
125 15 719
125 16 613
125 17 943
125 18 1158
125 19 829
125 20 834
125 21 787
125 22 800
125 23 987
125 24 901
125 25 929
125 26 1288
125 27 689
125 28 732
125 29 1162
125 30 836
125 31 598
126 00 1083
126 01 414
126 02 679
126 03 613
126 04 973
126 05 689
126 06 526
126 07 746
126 08 570
126 09 1035
126 10 720
126 11 946
126 12 673
126 13 579
126 14 676
126 15 789
126 16 816
126 17 1361
126 18 423
126 19 1124
126 20 787
126 21 721
126 22 1071
126 23 910
126 24 865
126 25 646
126 26 763
126 27 921
126 28 677
126 29 942
126 30 471
126 31 636
127 00 954
127 01 633
127 02 1147
127 03 668
127 04 704
127 05 748
127 06 598
127 07 801
127 08 1146
127 09 699
127 10 602
127 11 477
127 12 599
127 13 935
127 14 829
127 15 751
127 16 677
127 17 902
127 18 883
127 19 535
127 20 718
127 21 649
127 22 757
127 23 1090
127 24 833
127 25 673
127 26 1148
127 27 756
127 28 737
127 29 638
127 30 575
127 31 713
128 00 883
128 01 693
128 02 927
128 03 1020
128 04 980
128 05 1022
128 06 759
128 07 943
128 08 576
128 09 724
128 10 944
128 11 729
128 12 664
128 13 839
128 14 699
128 15 552
128 16 665
128 17 822
128 18 611
128 19 852
128 20 948
128 21 1056
128 22 1018
128 23 825
128 24 771
128 25 1145
128 26 830
128 27 619
128 28 1131
128 29 878
128 30 549
128 31 601
129 00 616
129 01 743
129 02 1004
129 03 704
129 04 1070
129 05 924
129 06 786
129 07 543
129 08 642
129 09 785
129 10 1116
129 11 1118
129 12 775
129 13 834
129 14 1094
129 15 638
129 16 593
129 17 694
129 18 1157
129 19 790
129 20 566
129 21 643
129 22 569
129 23 847
129 24 1119
129 25 1070
129 26 1497
129 27 1125
129 28 614
129 29 719
129 30 619
129 31 666
195 00 965
195 01 775
195 02 642
195 03 824
195 04 807
195 05 819
195 06 731
195 07 660
195 08 787
195 09 792
195 10 714
195 11 895
195 12 930
195 13 862
195 14 959
195 15 935
195 16 527
195 17 633
195 18 722
195 19 623
195 20 742
195 21 750
195 22 1042
195 23 713
195 24 777
195 25 771
195 26 690
195 27 1288
195 28 660
195 29 972
195 30 678
195 31 1083
