11 00 105
11 01 108
11 02 115
11 03 82
11 04 97
11 05 93
11 06 101
11 07 106
11 08 85
11 09 99
11 10 89
11 11 99
11 12 102
11 13 95
11 14 101
11 15 104
11 16 85
11 17 92
11 18 92
11 19 82
11 20 65
11 21 92
11 22 75
11 23 80
11 24 100
11 25 82
11 26 91
11 27 84
11 28 79
11 29 1
11 30 81
11 31 86
12 00 143
12 01 149
12 02 165
12 03 160
12 04 149
12 05 155
12 06 155
12 07 167
12 08 169
12 09 167
12 10 160
12 11 135
12 12 155
12 13 152
12 14 164
12 15 147
12 16 145
12 17 143
12 18 161
12 19 165
12 20 138
12 21 156
12 22 138
12 23 142
12 24 152
12 25 149
12 26 134
12 27 161
12 28 132
12 29 130
12 30 149
12 31 133
14 00 185
14 01 198
14 02 191
14 03 194
14 04 201
14 05 189
14 06 194
14 07 199
14 08 195
14 09 199
14 10 201
14 11 199
14 12 190
14 13 188
14 14 188
14 15 194
14 16 201
14 17 188
14 18 182
14 19 179
14 20 197
14 21 203
14 22 183
14 23 184
14 24 187
14 25 183
14 26 195
14 27 180
14 28 187
14 29 187
14 30 179
14 31 187
15 00 116
15 01 138
15 02 133
15 03 145
15 04 140
15 05 145
15 06 131
15 07 139
15 08 130
15 09 132
15 10 132
15 11 132
15 12 131
15 13 132
15 14 144
15 15 136
15 16 121
15 17 136
15 18 123
15 19 138
15 20 128
15 21 126
15 22 118
15 23 147
15 24 126
15 25 133
15 26 120
15 27 149
15 28 129
15 29 116
15 30 107
15 31 127
16 00 148
16 01 164
16 02 175
16 03 175
16 04 172
16 05 181
16 06 186
16 07 166
16 08 193
16 09 170
16 10 166
16 11 180
16 12 173
16 13 179
16 14 179
16 15 175
16 16 163
16 17 162
16 18 167
16 19 147
16 20 167
16 21 175
16 22 147
16 23 145
16 24 178
16 25 164
16 26 164
16 27 166
16 28 160
16 29 165
16 30 163
16 31 166
17 00 63
17 01 82
17 02 92
17 03 74
17 04 1
17 05 84
17 06 1
17 07 88
17 08 63
17 09 87
17 10 62
17 11 71
17 12 90
17 13 54
17 14 54
17 15 1
17 16 1
17 17 1
17 18 81
17 19 90
17 20 83
17 21 1
17 22 60
17 23 71
17 24 83
17 25 1
17 26 1
17 27 1
17 28 1
17 29 90
17 30 1
17 31 67
18 00 106
18 01 129
18 02 134
18 03 125
18 04 141
18 05 125
18 06 111
18 07 99
18 08 115
18 09 123
18 10 120
18 11 124
18 12 111
18 13 123
18 14 111
18 15 132
18 16 111
18 17 121
18 18 124
18 19 111
18 20 131
18 21 104
18 22 111
18 23 101
18 24 111
18 25 108
18 26 111
18 27 108
18 28 111
18 29 111
18 30 107
18 31 118
19 00 188
19 01 218
19 02 215
19 03 235
19 04 207
19 05 220
19 06 207
19 07 217
19 08 188
19 09 212
19 10 212
19 11 198
19 12 205
19 13 200
19 14 207
19 15 195
19 16 213
19 17 207
19 18 207
19 19 189
19 20 213
19 21 193
19 22 204
19 23 197
19 24 218
19 25 198
19 26 207
19 27 177
19 28 188
19 29 189
19 30 196
19 31 204
20 00 120
20 01 101
20 02 124
20 03 131
20 04 127
20 05 118
20 06 152
20 07 114
20 08 142
20 09 124
20 10 126
20 11 130
20 12 109
20 13 118
20 14 127
20 15 123
20 16 125
20 17 121
20 18 119
20 19 122
20 20 118
20 21 111
20 22 122
20 23 114
20 24 128
20 25 117
20 26 106
20 27 111
20 28 111
20 29 111
20 30 126
20 31 101
21 00 180
21 01 206
21 02 211
21 03 189
21 04 207
21 05 205
21 06 214
21 07 209
21 08 195
21 09 205
21 10 203
21 11 209
21 12 212
21 13 208
21 14 205
21 15 188
21 16 188
21 17 200
21 18 178
21 19 201
21 20 189
21 21 201
21 22 180
21 23 198
21 24 204
21 25 193
21 26 188
21 27 188
21 28 213
21 29 208
21 30 199
21 31 219
22 00 111
22 01 149
22 02 156
22 03 153
22 04 142
22 05 147
22 06 156
22 07 142
22 08 145
22 09 135
22 10 151
22 11 147
22 12 135
22 13 124
22 14 140
22 15 133
22 16 132
22 17 160
22 18 156
22 19 155
22 20 133
22 21 123
22 22 135
22 23 142
22 24 137
22 25 149
22 26 131
22 27 139
22 28 142
22 29 129
22 30 123
22 31 127
23 00 221
23 01 224
23 02 238
23 03 238
23 04 235
23 05 241
23 06 228
23 07 219
23 08 222
23 09 234
23 10 230
23 11 218
23 12 230
23 13 251
23 14 231
23 15 228
23 16 223
23 17 228
23 18 240
23 19 224
23 20 228
23 21 217
23 22 215
23 23 210
23 24 210
23 25 224
23 26 222
23 27 223
23 28 209
23 29 240
23 30 242
23 31 235
24 00 184
24 01 183
24 02 181
24 03 184
24 04 189
24 05 179
24 06 177
24 07 187
24 08 172
24 09 187
24 10 173
24 11 186
24 12 176
24 13 176
24 14 197
24 15 182
24 16 179
24 17 188
24 18 192
24 19 183
24 20 195
24 21 170
24 22 188
24 23 188
24 24 167
24 25 156
24 26 181
24 27 172
24 28 184
24 29 173
24 30 176
24 31 176
26 00 162
26 01 166
26 02 172
26 03 166
26 04 168
26 05 156
26 06 177
26 07 164
26 08 163
26 09 167
26 10 174
26 11 170
26 12 175
26 13 164
26 14 172
26 15 181
26 16 170
26 17 179
26 18 177
26 19 177
26 20 171
26 21 177
26 22 172
26 23 175
26 24 155
26 25 170
26 26 174
26 27 151
26 28 171
26 29 159
26 30 173
26 31 182
27 00 177
27 01 189
27 02 190
27 03 181
27 04 189
27 05 196
27 06 189
27 07 180
27 08 163
27 09 168
27 10 175
27 11 179
27 12 176
27 13 174
27 14 175
27 15 191
27 16 180
27 17 176
27 18 177
27 19 172
27 20 173
27 21 189
27 22 170
27 23 169
27 24 189
27 25 182
27 26 162
27 27 172
27 28 164
27 29 176
27 30 170
27 31 168
28 00 191
28 01 216
28 02 227
28 03 202
28 04 198
28 05 213
28 06 213
28 07 223
28 08 215
28 09 203
28 10 209
28 11 187
28 12 219
28 13 210
28 14 198
28 15 208
28 16 185
28 17 217
28 18 192
28 19 194
28 20 190
28 21 223
28 22 189
28 23 204
28 24 205
28 25 187
28 26 183
28 27 171
28 28 187
28 29 186
28 30 179
28 31 200
29 00 119
29 01 137
29 02 153
29 03 124
29 04 137
29 05 142
29 06 134
29 07 136
29 08 126
29 09 142
29 10 137
29 11 130
29 12 125
29 13 135
29 14 132
29 15 126
29 16 137
29 17 119
29 18 141
29 19 147
29 20 136
29 21 135
29 22 134
29 23 129
29 24 113
29 25 129
29 26 133
29 27 131
29 28 137
29 29 125
29 30 113
29 31 123
30 00 128
30 01 140
30 02 128
30 03 143
30 04 115
30 05 141
30 06 148
30 07 115
30 08 128
30 09 132
30 10 136
30 11 133
30 12 146
30 13 140
30 14 117
30 15 134
30 16 136
30 17 127
30 18 137
30 19 134
30 20 137
30 21 144
30 22 131
30 23 127
30 24 127
30 25 128
30 26 125
30 27 136
30 28 120
30 29 144
30 30 123
30 31 129
31 00 123
31 01 112
31 02 112
31 03 125
31 04 112
31 05 112
31 06 124
31 07 122
31 08 119
31 09 116
31 10 108
31 11 114
31 12 107
31 13 99
31 14 112
31 15 103
31 16 122
31 17 104
31 18 100
31 19 108
31 20 107
31 21 109
31 22 123
31 23 117
31 24 99
31 25 112
31 26 102
31 27 95
31 28 111
31 29 98
31 30 111
31 31 90
32 00 172
32 01 183
32 02 175
32 03 192
32 04 196
32 05 183
32 06 197
32 07 180
32 08 179
32 09 173
32 10 177
32 11 194
32 12 178
32 13 183
32 14 182
32 15 171
32 16 182
32 17 177
32 18 174
32 19 184
32 20 176
32 21 184
32 22 171
32 23 177
32 24 172
32 25 183
32 26 182
32 27 168
32 28 194
32 29 168
32 30 183
32 31 167
33 00 207
33 01 221
33 02 208
33 03 220
33 04 220
33 05 216
33 06 218
33 07 207
33 08 218
33 09 233
33 10 215
33 11 230
33 12 219
33 13 216
33 14 219
33 15 214
33 16 214
33 17 207
33 18 215
33 19 207
33 20 215
33 21 207
33 22 210
33 23 207
33 24 200
33 25 211
33 26 219
33 27 207
33 28 221
33 29 207
33 30 218
33 31 207
34 00 172
34 01 181
34 02 202
34 03 180
34 04 171
34 05 183
34 06 170
34 07 178
34 08 177
34 09 176
34 10 157
34 11 175
34 12 188
34 13 179
34 14 181
34 15 177
34 16 169
34 17 170
34 18 179
34 19 170
34 20 178
34 21 162
34 22 171
34 23 184
34 24 170
34 25 173
34 26 156
34 27 156
34 28 170
34 29 166
34 30 185
34 31 147
35 00 111
35 01 111
35 02 103
35 03 122
35 04 118
35 05 93
35 06 123
35 07 100
35 08 116
35 09 95
35 10 116
35 11 130
35 12 111
35 13 107
35 14 89
35 15 123
35 16 92
35 17 107
35 18 117
35 19 105
35 20 111
35 21 105
35 22 116
35 23 117
35 24 101
35 25 110
35 26 99
35 27 100
35 28 88
35 29 93
35 30 112
35 31 106
36 00 225
36 01 233
36 02 224
36 03 223
36 04 224
36 05 253
36 06 220
36 07 229
36 08 229
36 09 229
36 10 222
36 11 225
36 12 228
36 13 231
36 14 223
36 15 224
36 16 221
36 17 226
36 18 245
36 19 234
36 20 215
36 21 231
36 22 222
36 23 205
36 24 229
36 25 224
36 26 209
36 27 221
36 28 210
36 29 211
36 30 211
36 31 206
37 00 199
37 01 193
37 02 181
37 03 213
37 04 212
37 05 207
37 06 204
37 07 189
37 08 201
37 09 203
37 10 195
37 11 197
37 12 210
37 13 188
37 14 176
37 15 193
37 16 180
37 17 196
37 18 190
37 19 197
37 20 181
37 21 181
37 22 196
37 23 194
37 24 180
37 25 188
37 26 175
37 27 180
37 28 174
37 29 194
37 30 179
37 31 179
38 00 195
38 01 210
38 02 203
38 03 214
38 04 199
38 05 199
38 06 190
38 07 203
38 08 194
38 09 206
38 10 193
38 11 206
38 12 196
38 13 198
38 14 195
38 15 186
38 16 198
38 17 219
38 18 181
38 19 185
38 20 201
38 21 183
38 22 192
38 23 196
38 24 202
38 25 196
38 26 191
38 27 188
38 28 185
38 29 190
38 30 193
38 31 168
39 00 163
39 01 167
39 02 156
39 03 154
39 04 161
39 05 152
39 06 160
39 07 163
39 08 153
39 09 145
39 10 161
39 11 147
39 12 182
39 13 137
39 14 151
39 15 145
39 16 161
39 17 149
39 18 143
39 19 161
39 20 144
39 21 142
39 22 157
39 23 147
39 24 152
39 25 150
39 26 149
39 27 156
39 28 136
39 29 127
39 30 144
39 31 152
40 00 186
40 01 172
40 02 188
40 03 191
40 04 192
40 05 176
40 06 201
40 07 172
40 08 185
40 09 189
40 10 191
40 11 180
40 12 172
40 13 187
40 14 202
40 15 172
40 16 171
40 17 164
40 18 182
40 19 182
40 20 174
40 21 183
40 22 182
40 23 189
40 24 189
40 25 171
40 26 188
40 27 172
40 28 172
40 29 174
40 30 170
40 31 173
41 00 206
41 01 190
41 02 226
41 03 233
41 04 206
41 05 207
41 06 204
41 07 214
41 08 206
41 09 198
41 10 214
41 11 208
41 12 219
41 13 229
41 14 196
41 15 215
41 16 197
41 17 206
41 18 212
41 19 215
41 20 196
41 21 206
41 22 209
41 23 180
41 24 203
41 25 206
41 26 204
41 27 211
41 28 197
41 29 218
41 30 204
41 31 201
42 00 172
42 01 202
42 02 195
42 03 209
42 04 209
42 05 210
42 06 218
42 07 216
42 08 186
42 09 205
42 10 205
42 11 211
42 12 193
42 13 180
42 14 192
42 15 189
42 16 207
42 17 198
42 18 190
42 19 195
42 20 207
42 21 197
42 22 205
42 23 194
42 24 187
42 25 208
42 26 195
42 27 205
42 28 181
42 29 189
42 30 198
42 31 173
43 00 144
43 01 166
43 02 190
43 03 172
43 04 185
43 05 181
43 06 163
43 07 171
43 08 173
43 09 163
43 10 180
43 11 158
43 12 176
43 13 181
43 14 168
43 15 165
43 16 162
43 17 174
43 18 170
43 19 159
43 20 170
43 21 170
43 22 182
43 23 155
43 24 157
43 25 161
43 26 158
43 27 156
43 28 183
43 29 157
43 30 164
43 31 161
44 00 97
44 01 97
44 02 96
44 03 113
44 04 96
44 05 111
44 06 107
44 07 111
44 08 111
44 09 103
44 10 103
44 11 111
44 12 101
44 13 111
44 14 108
44 15 105
44 16 101
44 17 108
44 18 96
44 19 100
44 20 99
44 21 105
44 22 103
44 23 89
44 24 97
44 25 111
44 26 86
44 27 97
44 28 87
44 29 99
44 30 99
44 31 88
45 00 141
45 01 163
45 02 154
45 03 169
45 04 175
45 05 162
45 06 152
45 07 177
45 08 156
45 09 155
45 10 150
45 11 147
45 12 171
45 13 148
45 14 161
45 15 156
45 16 148
45 17 164
45 18 136
45 19 155
45 20 156
45 21 148
45 22 148
45 23 131
45 24 137
45 25 148
45 26 139
45 27 145
45 28 157
45 29 144
45 30 160
45 31 141
46 00 208
46 01 207
46 02 209
46 03 211
46 04 229
46 05 219
46 06 205
46 07 224
46 08 196
46 09 207
46 10 213
46 11 220
46 12 215
46 13 219
46 14 219
46 15 231
46 16 208
46 17 203
46 18 224
46 19 205
46 20 209
46 21 219
46 22 204
46 23 213
46 24 205
46 25 202
46 26 212
46 27 220
46 28 215
46 29 219
46 30 213
46 31 219
47 00 90
47 01 100
47 02 102
47 03 98
47 04 114
47 05 107
47 06 116
47 07 124
47 08 105
47 09 81
47 10 102
47 11 90
47 12 99
47 13 96
47 14 109
47 15 92
47 16 91
47 17 107
47 18 85
47 19 107
47 20 95
47 21 96
47 22 100
47 23 100
47 24 98
47 25 96
47 26 91
47 27 100
47 28 93
47 29 94
47 30 113
47 31 99
48 00 129
48 01 146
48 02 154
48 03 133
48 04 146
48 05 122
48 06 135
48 07 147
48 08 137
48 09 134
48 10 146
48 11 136
48 12 151
48 13 134
48 14 128
48 15 141
48 16 122
48 17 131
48 18 139
48 19 139
48 20 126
48 21 127
48 22 136
48 23 130
48 24 134
48 25 128
48 26 128
48 27 139
48 28 119
48 29 135
48 30 122
48 31 131
49 00 237
49 01 251
49 02 251
49 03 251
49 04 254
49 05 247
49 06 223
49 07 244
49 08 248
49 09 240
49 10 243
49 11 236
49 12 239
49 13 229
49 14 221
49 15 242
49 16 232
49 17 240
49 18 247
49 19 240
49 20 225
49 21 243
49 22 215
49 23 227
49 24 238
49 25 225
49 26 223
49 27 228
49 28 219
49 29 249
49 30 247
49 31 225
50 00 185
50 01 196
50 02 184
50 03 184
50 04 185
50 05 200
50 06 183
50 07 183
50 08 185
50 09 194
50 10 184
50 11 185
50 12 185
50 13 184
50 14 183
50 15 183
50 16 184
50 17 184
50 18 184
50 19 184
50 20 167
50 21 201
50 22 184
50 23 184
50 24 163
50 25 172
50 26 185
50 27 172
50 28 171
50 29 184
50 30 183
50 31 185
51 00 143
51 01 162
51 02 171
51 03 156
51 04 167
51 05 162
51 06 166
51 07 154
51 08 163
51 09 166
51 10 173
51 11 151
51 12 143
51 13 155
51 14 167
51 15 162
51 16 151
51 17 143
51 18 150
51 19 130
51 20 158
51 21 157
51 22 156
51 23 164
51 24 161
51 25 143
51 26 131
51 27 150
51 28 156
51 29 159
51 30 167
51 31 146
52 00 231
52 01 228
52 02 220
52 03 212
52 04 199
52 05 219
52 06 213
52 07 228
52 08 213
52 09 231
52 10 213
52 11 222
52 12 211
52 13 207
52 14 207
52 15 227
52 16 199
52 17 227
52 18 210
52 19 224
52 20 213
52 21 205
52 22 228
52 23 205
52 24 224
52 25 211
52 26 212
52 27 207
52 28 198
52 29 209
52 30 214
52 31 212
53 00 280
53 01 278
53 02 278
53 03 268
53 04 283
53 05 277
53 06 281
53 07 278
53 08 275
53 09 300
53 10 265
53 11 282
53 12 275
53 13 277
53 14 266
53 15 273
53 16 270
53 17 265
53 18 270
53 19 271
53 20 259
53 21 254
53 22 269
53 23 267
53 24 260
53 25 271
53 26 261
53 27 253
53 28 271
53 29 279
53 30 252
53 31 256
54 00 154
54 01 151
54 02 160
54 03 184
54 04 154
54 05 157
54 06 174
54 07 166
54 08 167
54 09 172
54 10 170
54 11 160
54 12 170
54 13 166
54 14 150
54 15 159
54 16 157
54 17 174
54 18 153
54 19 157
54 20 163
54 21 150
54 22 152
54 23 164
54 24 146
54 25 151
54 26 157
54 27 150
54 28 148
54 29 157
54 30 138
54 31 168
55 00 130
55 01 149
55 02 157
55 03 151
55 04 139
55 05 133
55 06 156
55 07 143
55 08 135
55 09 149
55 10 143
55 11 161
55 12 150
55 13 133
55 14 144
55 15 155
55 16 144
55 17 145
55 18 150
55 19 148
55 20 145
55 21 158
55 22 141
55 23 138
55 24 151
55 25 134
55 26 141
55 27 149
55 28 138
55 29 146
55 30 155
55 31 150
56 00 164
56 01 168
56 02 184
56 03 160
56 04 154
56 05 180
56 06 168
56 07 166
56 08 143
56 09 167
56 10 158
56 11 159
56 12 165
56 13 165
56 14 142
56 15 158
56 16 175
56 17 158
56 18 165
56 19 138
56 20 155
56 21 174
56 22 167
56 23 148
56 24 149
56 25 163
56 26 129
56 27 141
56 28 150
56 29 142
56 30 152
56 31 167
57 00 123
57 01 123
57 02 132
57 03 135
57 04 133
57 05 130
57 06 134
57 07 120
57 08 124
57 09 135
57 10 141
57 11 117
57 12 129
57 13 115
57 14 128
57 15 133
57 16 120
57 17 116
57 18 111
57 19 133
57 20 125
57 21 119
57 22 133
57 23 113
57 24 113
57 25 120
57 26 122
57 27 111
57 28 121
57 29 116
57 30 113
57 31 109
58 00 101
58 01 105
58 02 109
58 03 109
58 04 103
58 05 110
58 06 106
58 07 109
58 08 97
58 09 94
58 10 88
58 11 94
58 12 110
58 13 108
58 14 101
58 15 91
58 16 91
58 17 86
58 18 109
58 19 90
58 20 91
58 21 100
58 22 86
58 23 79
58 24 99
58 25 91
58 26 96
58 27 101
58 28 109
58 29 85
58 30 86
58 31 89
59 00 171
59 01 175
59 02 190
59 03 191
59 04 169
59 05 166
59 06 175
59 07 169
59 08 172
59 09 179
59 10 186
59 11 183
59 12 166
59 13 170
59 14 188
59 15 183
59 16 178
59 17 170
59 18 170
59 19 184
59 20 178
59 21 186
59 22 167
59 23 161
59 24 165
59 25 173
59 26 156
59 27 156
59 28 170
59 29 183
59 30 177
59 31 174
60 00 178
60 01 187
60 02 174
60 03 192
60 04 190
60 05 201
60 06 182
60 07 175
60 08 188
60 09 175
60 10 170
60 11 190
60 12 197
60 13 174
60 14 192
60 15 185
60 16 192
60 17 182
60 18 179
60 19 171
60 20 184
60 21 172
60 22 180
60 23 185
60 24 190
60 25 164
60 26 173
60 27 183
60 28 193
60 29 166
60 30 173
60 31 172
61 00 176
61 01 160
61 02 180
61 03 176
61 04 156
61 05 176
61 06 176
61 07 159
61 08 177
61 09 169
61 10 167
61 11 174
61 12 150
61 13 166
61 14 175
61 15 176
61 16 170
61 17 161
61 18 168
61 19 169
61 20 157
61 21 176
61 22 156
61 23 174
61 24 168
61 25 140
61 26 160
61 27 164
61 28 147
61 29 159
61 30 156
61 31 160
105 00 189
105 01 195
105 02 199
105 03 201
105 04 203
105 05 208
105 06 190
105 07 202
105 08 194
105 09 190
105 10 184
105 11 195
105 12 199
105 13 192
105 14 199
105 15 178
105 16 203
105 17 174
105 18 189
105 19 197
105 20 209
105 21 187
105 22 198
105 23 191
105 24 183
105 25 199
105 26 190
105 27 193
105 28 216
105 29 197
105 30 189
105 31 189
106 00 152
106 01 152
106 02 152
106 03 165
106 04 144
106 05 140
106 06 157
106 07 143
106 08 148
106 09 165
106 10 146
106 11 145
106 12 154
106 13 151
106 14 151
106 15 138
106 16 160
106 17 166
106 18 152
106 19 153
106 20 144
106 21 146
106 22 143
106 23 147
106 24 138
106 25 131
106 26 142
106 27 140
106 28 124
106 29 138
106 30 122
106 31 152
107 00 169
107 01 171
107 02 175
107 03 175
107 04 167
107 05 160
107 06 147
107 07 174
107 08 164
107 09 147
107 10 164
107 11 153
107 12 153
107 13 147
107 14 162
107 15 134
107 16 152
107 17 154
107 18 169
107 19 137
107 20 156
107 21 145
107 22 152
107 23 166
107 24 172
107 25 145
107 26 137
107 27 159
107 28 156
107 29 151
107 30 146
107 31 143
108 00 153
108 01 183
108 02 153
108 03 169
108 04 176
108 05 158
108 06 180
108 07 172
108 08 183
108 09 177
108 10 184
108 11 169
108 12 188
108 13 179
108 14 172
108 15 164
108 16 176
108 17 159
108 18 165
108 19 155
108 20 164
108 21 163
108 22 153
108 23 167
108 24 185
108 25 160
108 26 154
108 27 182
108 28 155
108 29 160
108 30 153
108 31 175
109 00 177
109 01 177
109 02 168
109 03 188
109 04 185
109 05 172
109 06 185
109 07 182
109 08 182
109 09 169
109 10 166
109 11 178
109 12 184
109 13 182
109 14 174
109 15 165
109 16 172
109 17 172
109 18 166
109 19 168
109 20 174
109 21 176
109 22 172
109 23 172
109 24 174
109 25 158
109 26 164
109 27 172
109 28 178
109 29 190
109 30 167
109 31 174
111 00 187
111 01 189
111 02 186
111 03 164
111 04 188
111 05 178
111 06 181
111 07 176
111 08 167
111 09 187
111 10 160
111 11 182
111 12 177
111 13 162
111 14 178
111 15 161
111 16 172
111 17 166
111 18 169
111 19 167
111 20 173
111 21 178
111 22 153
111 23 159
111 24 164
111 25 171
111 26 169
111 27 173
111 28 159
111 29 160
111 30 180
111 31 171
112 00 183
112 01 201
112 02 204
112 03 175
112 04 188
112 05 202
112 06 191
112 07 197
112 08 196
112 09 203
112 10 188
112 11 197
112 12 195
112 13 174
112 14 187
112 15 199
112 16 194
112 17 189
112 18 174
112 19 189
112 20 177
112 21 197
112 22 193
112 23 180
112 24 190
112 25 194
112 26 189
112 27 172
112 28 191
112 29 183
112 30 197
112 31 203
113 00 217
113 01 208
113 02 224
113 03 238
113 04 211
113 05 209
113 06 221
113 07 210
113 08 217
113 09 220
113 10 217
113 11 226
113 12 215
113 13 203
113 14 220
113 15 210
113 16 210
113 17 221
113 18 220
113 19 215
113 20 201
113 21 215
113 22 224
113 23 219
113 24 204
113 25 224
113 26 199
113 27 204
113 28 204
113 29 209
113 30 209
113 31 220
114 00 119
114 01 150
114 02 139
114 03 140
114 04 155
114 05 129
114 06 132
114 07 149
114 08 114
114 09 146
114 10 134
114 11 154
114 12 130
114 13 151
114 14 130
114 15 125
114 16 141
114 17 127
114 18 124
114 19 141
114 20 141
114 21 137
114 22 133
114 23 133
114 24 134
114 25 137
114 26 137
114 27 124
114 28 147
114 29 140
114 30 112
114 31 148
115 00 131
115 01 148
115 02 139
115 03 150
115 04 127
115 05 162
115 06 129
115 07 138
115 08 147
115 09 165
115 10 134
115 11 140
115 12 143
115 13 146
115 14 132
115 15 140
115 16 150
115 17 141
115 18 131
115 19 145
115 20 136
115 21 138
115 22 143
115 23 138
115 24 143
115 25 135
115 26 146
115 27 122
115 28 150
115 29 146
115 30 134
115 31 121
116 00 231
116 01 224
116 02 231
116 03 227
116 04 232
116 05 230
116 06 231
116 07 224
116 08 230
116 09 228
116 10 230
116 11 212
116 12 245
116 13 237
116 14 220
116 15 220
116 16 224
116 17 238
116 18 230
116 19 229
116 20 220
116 21 225
116 22 233
116 23 236
116 24 225
116 25 211
116 26 237
116 27 240
116 28 227
116 29 235
116 30 226
116 31 215
117 00 202
117 01 213
117 02 205
117 03 196
117 04 229
117 05 226
117 06 214
117 07 214
117 08 214
117 09 225
117 10 228
117 11 221
117 12 194
117 13 210
117 14 206
117 15 212
117 16 211
117 17 213
117 18 226
117 19 203
117 20 208
117 21 211
117 22 226
117 23 229
117 24 206
117 25 209
117 26 203
117 27 211
117 28 188
117 29 198
117 30 213
117 31 216
118 00 130
118 01 124
118 02 147
118 03 142
118 04 106
118 05 140
118 06 133
118 07 148
118 08 141
118 09 131
118 10 128
118 11 140
118 12 146
118 13 131
118 14 133
118 15 137
118 16 128
118 17 121
118 18 142
118 19 137
118 20 128
118 21 125
118 22 136
118 23 131
118 24 131
118 25 130
118 26 123
118 27 124
118 28 122
118 29 141
118 30 134
118 31 122
119 00 138
119 01 163
119 02 147
119 03 171
119 04 164
119 05 165
119 06 167
119 07 165
119 08 173
119 09 174
119 10 158
119 11 182
119 12 172
119 13 162
119 14 155
119 15 161
119 16 173
119 17 164
119 18 161
119 19 157
119 20 165
119 21 143
119 22 165
119 23 165
119 24 156
119 25 156
119 26 149
119 27 179
119 28 148
119 29 161
119 30 173
119 31 163
120 00 165
120 01 199
120 02 197
120 03 185
120 04 198
120 05 187
120 06 191
120 07 183
120 08 186
120 09 172
120 10 185
120 11 193
120 12 172
120 13 192
120 14 187
120 15 180
120 16 172
120 17 189
120 18 176
120 19 175
120 20 185
120 21 178
120 22 188
120 23 172
120 24 177
120 25 164
120 26 174
120 27 182
120 28 185
120 29 177
120 30 182
120 31 160
121 00 186
121 01 197
121 02 192
121 03 170
121 04 171
121 05 181
121 06 200
121 07 204
121 08 199
121 09 168
121 10 196
121 11 182
121 12 205
121 13 176
121 14 207
121 15 165
121 16 173
121 17 181
121 18 183
121 19 183
121 20 181
121 21 196
121 22 181
121 23 188
121 24 181
121 25 208
121 26 181
121 27 181
121 28 189
121 29 163
121 30 188
121 31 177
123 00 186
123 01 208
123 02 194
123 03 191
123 04 187
123 05 194
123 06 198
123 07 191
123 08 213
123 09 197
123 10 196
123 11 201
123 12 193
123 13 187
123 14 210
123 15 203
123 16 192
123 17 182
123 18 177
123 19 191
123 20 198
123 21 194
123 22 189
123 23 191
123 24 180
123 25 207
123 26 183
123 27 198
123 28 187
123 29 193
123 30 182
123 31 195
124 00 194
124 01 179
124 02 193
124 03 206
124 04 198
124 05 196
124 06 191
124 07 218
124 08 198
124 09 207
124 10 203
124 11 187
124 12 203
124 13 200
124 14 194
124 15 196
124 16 187
124 17 187
124 18 179
124 19 190
124 20 195
124 21 183
124 22 175
124 23 180
124 24 190
124 25 191
124 26 177
124 27 169
124 28 181
124 29 201
124 30 176
124 31 164
125 00 186
125 01 194
125 02 199
125 03 200
125 04 199
125 05 180
125 06 193
125 07 181
125 08 182
125 09 190
125 10 194
125 11 190
125 12 197
125 13 208
125 14 195
125 15 187
125 16 182
125 17 185
125 18 192
125 19 188
125 20 183
125 21 193
125 22 180
125 23 178
125 24 190
125 25 199
125 26 173
125 27 180
125 28 174
125 29 188
125 30 181
125 31 197
126 00 119
126 01 122
126 02 116
126 03 108
126 04 118
126 05 106
126 06 121
126 07 123
126 08 114
126 09 130
126 10 112
126 11 108
126 12 122
126 13 105
126 14 119
126 15 117
126 16 127
126 17 100
126 18 113
126 19 115
126 20 119
126 21 111
126 22 131
126 23 107
126 24 115
126 25 112
126 26 106
126 27 96
126 28 118
126 29 112
126 30 102
126 31 122
127 00 137
127 01 125
127 02 129
127 03 127
127 04 128
127 05 121
127 06 123
127 07 142
127 08 130
127 09 133
127 10 119
127 11 133
127 12 122
127 13 119
127 14 114
127 15 118
127 16 118
127 17 115
127 18 134
127 19 112
127 20 114
127 21 146
127 22 112
127 23 112
127 24 110
127 25 122
127 26 91
127 27 113
127 28 132
127 29 120
127 30 109
127 31 119
128 00 282
128 01 287
128 02 312
128 03 293
128 04 296
128 05 291
128 06 295
128 07 296
128 08 293
128 09 293
128 10 295
128 11 288
128 12 279
128 13 289
128 14 281
128 15 280
128 16 278
128 17 306
128 18 295
128 19 276
128 20 291
128 21 294
128 22 295
128 23 303
128 24 283
128 25 279
128 26 298
128 27 287
128 28 293
128 29 287
128 30 283
128 31 268
129 00 216
129 01 237
129 02 235
129 03 239
129 04 243
129 05 204
129 06 231
129 07 215
129 08 227
129 09 232
129 10 234
129 11 232
129 12 205
129 13 220
129 14 219
129 15 231
129 16 239
129 17 249
129 18 230
129 19 227
129 20 229
129 21 226
129 22 226
129 23 207
129 24 231
129 25 206
129 26 223
129 27 225
129 28 218
129 29 224
129 30 213
129 31 203
195 00 163
195 01 168
195 02 153
195 03 156
195 04 173
195 05 161
195 06 175
195 07 172
195 08 156
195 09 151
195 10 155
195 11 159
195 12 161
195 13 155
195 14 169
195 15 156
195 16 157
195 17 162
195 18 147
195 19 172
195 20 164
195 21 156
195 22 160
195 23 156
195 24 166
195 25 172
195 26 142
195 27 173
195 28 172
195 29 156
195 30 154
195 31 156
